5.047842264175415039e-01 5.053514242172241211e-01 5.053659677505493164e-01 5.052864551544189453e-01 5.053474903106689453e-01 5.053659677505493164e-01 5.052773952484130859e-01 5.052654743194580078e-01 5.040308833122253418e-01 5.019586086273193359e-01 5.026185512542724609e-01 5.025661587715148926e-01 5.067284107208251953e-01 5.067291259765625000e-01 5.030508041381835938e-01
5.038433670997619629e-01 5.036717653274536133e-01 5.037188529968261719e-01 5.026267170906066895e-01 5.026751756668090820e-01 5.045707821846008301e-01 5.022114515304565430e-01 5.027117729187011719e-01 5.027348399162292480e-01 5.023757815361022949e-01 5.014227628707885742e-01 5.014964342117309570e-01 5.028047561645507812e-01 5.013182163238525391e-01 5.045402050018310547e-01
5.016338825225830078e-01 5.016403198242187500e-01 5.011783242225646973e-01 5.016430616378784180e-01 5.016008019447326660e-01 5.011627674102783203e-01 5.010229349136352539e-01 5.009063482284545898e-01 5.008968114852905273e-01 5.010509490966796875e-01 5.010097622871398926e-01 5.010179877281188965e-01 5.014703273773193359e-01 5.010024309158325195e-01 5.009454488754272461e-01
5.110654830932617188e-01 5.078279972076416016e-01 5.078501105308532715e-01 5.071982145309448242e-01 5.075845718383789062e-01 5.057107806205749512e-01 5.033426284790039062e-01 5.039727687835693359e-01 5.039796829223632812e-01 5.023233294486999512e-01 5.048569440841674805e-01 5.048665404319763184e-01 5.097211003303527832e-01 5.049415826797485352e-01 5.047572851181030273e-01
5.042318105697631836e-01 5.042382478713989258e-01 5.027616024017333984e-01 5.018703937530517578e-01 5.026293396949768066e-01 5.026193857192993164e-01 5.017722845077514648e-01 5.022379159927368164e-01 5.022242069244384766e-01 5.009039640426635742e-01 5.014005899429321289e-01 5.024296045303344727e-01 5.032737851142883301e-01 5.033652782440185547e-01 5.024490356445312500e-01
5.045481920242309570e-01 5.062557458877563477e-01 5.062557458877563477e-01 5.041987299919128418e-01 5.041986703872680664e-01 5.024260282516479492e-01 5.027681589126586914e-01 5.028287768363952637e-01 5.028288364410400391e-01 5.022050142288208008e-01 5.031084418296813965e-01 5.040787458419799805e-01 5.035344362258911133e-01 5.035271048545837402e-01 5.067422986030578613e-01
5.059055089950561523e-01 5.112923979759216309e-01 5.113033056259155273e-01 5.067251324653625488e-01 5.066982507705688477e-01 5.055384635925292969e-01 5.029960870742797852e-01 5.034068822860717773e-01 5.041457414627075195e-01 5.036543607711791992e-01 5.038147568702697754e-01 5.034719705581665039e-01 5.040819644927978516e-01 5.044293403625488281e-01 5.034922957420349121e-01
5.032662153244018555e-01 5.047594308853149414e-01 5.047633647918701172e-01 5.017709136009216309e-01 5.025548338890075684e-01 5.025589466094970703e-01 5.018502473831176758e-01 5.020549297332763672e-01 5.018419027328491211e-01 5.015667676925659180e-01 5.016654729843139648e-01 5.019509792327880859e-01 5.023605823516845703e-01 5.015407800674438477e-01 5.021482706069946289e-01
5.373274087905883789e-01 5.373210310935974121e-01 5.326430201530456543e-01 5.185520648956298828e-01 5.300412178039550781e-01 5.300401449203491211e-01 5.175690650939941406e-01 5.184013843536376953e-01 5.242930650711059570e-01 5.188769102096557617e-01 5.188646316528320312e-01 5.161338448524475098e-01 5.296039581298828125e-01 5.212340950965881348e-01 5.212340950965881348e-01
5.038750767707824707e-01 5.049274563789367676e-01 5.049337148666381836e-01 5.026493072509765625e-01 5.028681159019470215e-01 5.028239488601684570e-01 5.028621554374694824e-01 5.028530359268188477e-01 5.025142431259155273e-01 5.023714303970336914e-01 5.022549033164978027e-01 5.018382668495178223e-01 5.024510025978088379e-01 5.031069517135620117e-01 5.031636357307434082e-01
5.139926075935363770e-01 5.171104669570922852e-01 5.171583890914916992e-01 5.129131078720092773e-01 5.135530829429626465e-01 5.113072991371154785e-01 5.072300434112548828e-01 5.095356106758117676e-01 5.095427036285400391e-01 5.083484649658203125e-01 5.103591680526733398e-01 5.103428959846496582e-01 5.097672939300537109e-01 5.082886815071105957e-01 5.095371007919311523e-01
5.125724077224731445e-01 5.133737921714782715e-01 5.133724808692932129e-01 5.083386301994323730e-01 5.090172290802001953e-01 5.126041173934936523e-01 5.101713538169860840e-01 5.097077488899230957e-01 5.095478892326354980e-01 5.087414979934692383e-01 5.094447135925292969e-01 5.105733275413513184e-01 5.105453729629516602e-01 5.087341070175170898e-01 5.092032551765441895e-01
5.032970905303955078e-01 5.049271583557128906e-01 5.049511194229125977e-01 5.022193193435668945e-01 5.022023916244506836e-01 5.029510259628295898e-01 5.018320083618164062e-01 5.022367238998413086e-01 5.025025606155395508e-01 5.014183521270751953e-01 5.021139383316040039e-01 5.021145343780517578e-01 5.016450881958007812e-01 5.025357007980346680e-01 5.033040046691894531e-01
5.044842958450317383e-01 5.032927989959716797e-01 5.017967820167541504e-01 5.020860433578491211e-01 5.021187067031860352e-01 5.018215179443359375e-01 5.013737082481384277e-01 5.013665556907653809e-01 5.014412999153137207e-01 5.015984177589416504e-01 5.015925168991088867e-01 5.010708570480346680e-01 5.023815631866455078e-01 5.026396512985229492e-01 5.024013519287109375e-01
5.119296312332153320e-01 5.133389234542846680e-01 5.133422613143920898e-01 5.086808204650878906e-01 5.090575218200683594e-01 5.088102817535400391e-01 5.058647394180297852e-01 5.083451271057128906e-01 5.083557367324829102e-01 5.071253776550292969e-01 5.071163177490234375e-01 5.058376193046569824e-01 5.100960135459899902e-01 5.100882649421691895e-01 5.074307918548583984e-01
5.058491230010986328e-01 5.064354538917541504e-01 5.064223408699035645e-01 5.039315819740295410e-01 5.064116716384887695e-01 5.064069032669067383e-01 5.046114921569824219e-01 5.048149824142456055e-01 5.047838687896728516e-01 5.014947652816772461e-01 5.025389194488525391e-01 5.025389194488525391e-01 5.047262907028198242e-01 5.044217109680175781e-01 5.044293999671936035e-01
5.022639632225036621e-01 5.024769306182861328e-01 5.024769306182861328e-01 5.009000897407531738e-01 5.010039806365966797e-01 5.011790990829467773e-01 5.010671615600585938e-01 5.012190937995910645e-01 5.015581846237182617e-01 5.010039806365966797e-01 5.012190937995910645e-01 5.016183853149414062e-01 5.022424459457397461e-01 5.022418498992919922e-01 5.012902021408081055e-01
5.108707547187805176e-01 5.104777812957763672e-01 5.104233026504516602e-01 5.075969696044921875e-01 5.104035139083862305e-01 5.104035139083862305e-01 5.122278928756713867e-01 5.122214555740356445e-01 5.100331306457519531e-01 5.131988525390625000e-01 5.131916999816894531e-01 5.107417106628417969e-01 5.060199499130249023e-01 5.066863894462585449e-01 5.067121982574462891e-01
5.079470276832580566e-01 5.079402923583984375e-01 5.049151778221130371e-01 5.046834945678710938e-01 5.055248737335205078e-01 5.073299407958984375e-01 5.044016242027282715e-01 5.042643547058105469e-01 5.069695115089416504e-01 5.036392807960510254e-01 5.036519169807434082e-01 5.031986236572265625e-01 5.059202909469604492e-01 5.101971030235290527e-01 5.101726055145263672e-01
5.043695569038391113e-01 5.043663978576660156e-01 5.029430985450744629e-01 5.017246007919311523e-01 5.027981996536254883e-01 5.027148723602294922e-01 5.022020339965820312e-01 5.021657943725585938e-01 5.015472769737243652e-01 5.013893246650695801e-01 5.028213262557983398e-01 5.028365850448608398e-01 5.026107430458068848e-01 5.022339224815368652e-01 5.031586289405822754e-01
5.022692680358886719e-01 5.022701025009155273e-01 5.019111037254333496e-01 5.014599561691284180e-01 5.012264847755432129e-01 5.014226436614990234e-01 5.015022754669189453e-01 5.015813112258911133e-01 5.014708638191223145e-01 5.013600587844848633e-01 5.013574361801147461e-01 5.009160637855529785e-01 5.018395185470581055e-01 5.018366575241088867e-01 5.016921758651733398e-01
5.025077462196350098e-01 5.024693012237548828e-01 5.015927553176879883e-01 5.013859868049621582e-01 5.014798641204833984e-01 5.012687444686889648e-01 5.009406805038452148e-01 5.011794567108154297e-01 5.012065172195434570e-01 5.009403228759765625e-01 5.009880661964416504e-01 5.008620023727416992e-01 5.008848309516906738e-01 5.011024475097656250e-01 5.010811090469360352e-01
5.183032155036926270e-01 5.183032155036926270e-01 5.160886049270629883e-01 5.091019272804260254e-01 5.077152252197265625e-01 5.076854228973388672e-01 5.064469575881958008e-01 5.071754455566406250e-01 5.071463584899902344e-01 5.034472942352294922e-01 5.068005323410034180e-01 5.067800879478454590e-01 5.081977844238281250e-01 5.119970440864562988e-01 5.119765996932983398e-01
5.023469924926757812e-01 5.058375597000122070e-01 5.058752298355102539e-01 5.019248723983764648e-01 5.020511746406555176e-01 5.016152858734130859e-01 5.024217367172241211e-01 5.018500089645385742e-01 5.018504261970520020e-01 5.008122324943542480e-01 5.018774271011352539e-01 5.018812417984008789e-01 5.014786720275878906e-01 5.025519132614135742e-01 5.025653839111328125e-01
5.031355619430541992e-01 5.031113624572753906e-01 5.031009912490844727e-01 5.011909008026123047e-01 5.012769103050231934e-01 5.012907981872558594e-01 5.017716884613037109e-01 5.013158321380615234e-01 5.019211173057556152e-01 5.017724037170410156e-01 5.014612078666687012e-01 5.021562576293945312e-01 5.015449523925781250e-01 5.015308260917663574e-01 5.019593238830566406e-01
5.116207599639892578e-01 5.097065567970275879e-01 5.089666843414306641e-01 5.085824728012084961e-01 5.090714693069458008e-01 5.090250968933105469e-01 5.055834650993347168e-01 5.077966451644897461e-01 5.078012943267822266e-01 5.028242468833923340e-01 5.065142512321472168e-01 5.065163969993591309e-01 5.109802484512329102e-01 5.113977789878845215e-01 5.095490813255310059e-01
5.074847936630249023e-01 5.090623497962951660e-01 5.091199278831481934e-01 5.069100856781005859e-01 5.073131322860717773e-01 5.054457783699035645e-01 5.034977793693542480e-01 5.034853219985961914e-01 5.034075975418090820e-01 5.028392076492309570e-01 5.040737390518188477e-01 5.040751099586486816e-01 5.033257007598876953e-01 5.062044858932495117e-01 5.062198638916015625e-01
5.106374025344848633e-01 5.090013742446899414e-01 5.078029632568359375e-01 5.064325332641601562e-01 5.072630047798156738e-01 5.072461962699890137e-01 5.064268708229064941e-01 5.063889622688293457e-01 5.061039328575134277e-01 5.045908093452453613e-01 5.052676200866699219e-01 5.048544406890869141e-01 5.067194700241088867e-01 5.069604516029357910e-01 5.053573250770568848e-01
5.335842370986938477e-01 5.335873961448669434e-01 5.203859806060791016e-01 5.225334167480468750e-01 5.216675996780395508e-01 5.195467472076416016e-01 5.175076127052307129e-01 5.208245515823364258e-01 5.241729021072387695e-01 5.164318084716796875e-01 5.164318084716796875e-01 5.199447274208068848e-01 5.116008520126342773e-01 5.175311565399169922e-01 5.235707163810729980e-01
5.042153596878051758e-01 5.059819221496582031e-01 5.060402154922485352e-01 5.020282268524169922e-01 5.060087442398071289e-01 5.060010552406311035e-01 5.031564235687255859e-01 5.034720897674560547e-01 5.032821893692016602e-01 5.018969774246215820e-01 5.026589035987854004e-01 5.026671886444091797e-01 5.030378699302673340e-01 5.037974715232849121e-01 5.037482976913452148e-01
5.039612650871276855e-01 5.039287805557250977e-01 5.033297538757324219e-01 5.013285875320434570e-01 5.020029544830322266e-01 5.020579099655151367e-01 5.016974210739135742e-01 5.019398927688598633e-01 5.018657445907592773e-01 5.014773607254028320e-01 5.021735429763793945e-01 5.021691322326660156e-01 5.018069744110107422e-01 5.029983520507812500e-01 5.030092000961303711e-01
5.157629847526550293e-01 5.152158141136169434e-01 5.173004269599914551e-01 5.116226077079772949e-01 5.120832920074462891e-01 5.116999745368957520e-01 5.112146735191345215e-01 5.122289657592773438e-01 5.122301578521728516e-01 5.107558369636535645e-01 5.117009282112121582e-01 5.106953978538513184e-01 5.122919678688049316e-01 5.122909545898437500e-01 5.088632106781005859e-01
5.470682978630065918e-01 5.470632910728454590e-01 5.352435111999511719e-01 5.255845785140991211e-01 5.349062681198120117e-01 5.360411405563354492e-01 5.260584354400634766e-01 5.289254784584045410e-01 5.370726585388183594e-01 5.260615348815917969e-01 5.289262533187866211e-01 5.264887809753417969e-01 5.271699428558349609e-01 5.330556631088256836e-01 5.313192009925842285e-01
5.018204450607299805e-01 5.016934871673583984e-01 5.016257762908935547e-01 5.009869337081909180e-01 5.015633702278137207e-01 5.015798807144165039e-01 5.009415149688720703e-01 5.010790824890136719e-01 5.011119246482849121e-01 5.008078813552856445e-01 5.010747313499450684e-01 5.013083219528198242e-01 5.013329982757568359e-01 5.013243556022644043e-01 5.012739896774291992e-01
5.193995237350463867e-01 5.199152231216430664e-01 5.193657875061035156e-01 5.157854557037353516e-01 5.164552927017211914e-01 5.208137035369873047e-01 5.133228898048400879e-01 5.135957002639770508e-01 5.119900703430175781e-01 5.074071884155273438e-01 5.076495409011840820e-01 5.070678591728210449e-01 5.092736482620239258e-01 5.124073624610900879e-01 5.122345685958862305e-01
5.132011175155639648e-01 5.123059153556823730e-01 5.123074054718017578e-01 5.064535140991210938e-01 5.112615823745727539e-01 5.112615227699279785e-01 5.063349008560180664e-01 5.070872306823730469e-01 5.070863962173461914e-01 5.052418708801269531e-01 5.039944648742675781e-01 5.057984590530395508e-01 5.118386745452880859e-01 5.118341445922851562e-01 5.086828470230102539e-01
5.031177997589111328e-01 5.038033723831176758e-01 5.037976503372192383e-01 5.023421645164489746e-01 5.024648904800415039e-01 5.025279521942138672e-01 5.021856427192687988e-01 5.022136569023132324e-01 5.020413398742675781e-01 5.018256306648254395e-01 5.018732547760009766e-01 5.019715428352355957e-01 5.031783580780029297e-01 5.031675100326538086e-01 5.033281445503234863e-01
5.019298195838928223e-01 5.018479228019714355e-01 5.018876194953918457e-01 5.018874406814575195e-01 5.015214681625366211e-01 5.018026828765869141e-01 5.014783143997192383e-01 5.014423727989196777e-01 5.010915994644165039e-01 5.013517141342163086e-01 5.013376474380493164e-01 5.011068582534790039e-01 5.015149712562561035e-01 5.015012621879577637e-01 5.010058879852294922e-01
5.389930009841918945e-01 5.251359939575195312e-01 5.160839557647705078e-01 5.159370899200439453e-01 5.166044235229492188e-01 5.146210193634033203e-01 5.152208805084228516e-01 5.151594877243041992e-01 5.146774649620056152e-01 5.106775760650634766e-01 5.135801434516906738e-01 5.162605047225952148e-01 5.121769905090332031e-01 5.154182910919189453e-01 5.162633657455444336e-01
5.066317319869995117e-01 5.061868429183959961e-01 5.044083595275878906e-01 5.030139684677124023e-01 5.029945373535156250e-01 5.049587488174438477e-01 5.030102729797363281e-01 5.029910802841186523e-01 5.024927258491516113e-01 5.025559067726135254e-01 5.027838945388793945e-01 5.025688409805297852e-01 5.047771930694580078e-01 5.047805905342102051e-01 5.038535594940185547e-01
5.027000904083251953e-01 5.026188492774963379e-01 5.026245117187500000e-01 5.027116537094116211e-01 5.026266574859619141e-01 5.026166439056396484e-01 5.008748173713684082e-01 5.012850761413574219e-01 5.013472437858581543e-01 5.013724565505981445e-01 5.013628005981445312e-01 5.017971992492675781e-01 5.016975998878479004e-01 5.014665126800537109e-01 5.019686222076416016e-01
5.197339653968811035e-01 5.275235176086425781e-01 5.275052785873413086e-01 5.133478641510009766e-01 5.113466978073120117e-01 5.208422541618347168e-01 5.114364624023437500e-01 5.108845829963684082e-01 5.181075930595397949e-01 5.100451111793518066e-01 5.105493068695068359e-01 5.098201036453247070e-01 5.129565000534057617e-01 5.129356384277343750e-01 5.119618773460388184e-01
5.105744004249572754e-01 5.105487108230590820e-01 5.084875822067260742e-01 5.105862617492675781e-01 5.105799436569213867e-01 5.072399377822875977e-01 5.089096426963806152e-01 5.089096426963806152e-01 5.045925378799438477e-01 5.047971010208129883e-01 5.050611495971679688e-01 5.047633647918701172e-01 5.049659013748168945e-01 5.056245923042297363e-01 5.055807828903198242e-01
5.375514030456542969e-01 5.365521907806396484e-01 5.365868806838989258e-01 5.194213986396789551e-01 5.220187902450561523e-01 5.212546586990356445e-01 5.195250511169433594e-01 5.227284431457519531e-01 5.227304697036743164e-01 5.209033489227294922e-01 5.248632431030273438e-01 5.248899459838867188e-01 5.290409326553344727e-01 5.294247269630432129e-01 5.294433832168579102e-01
5.211943984031677246e-01 5.313981771469116211e-01 5.313981771469116211e-01 5.151890516281127930e-01 5.143830776214599609e-01 5.206079483032226562e-01 5.105955004692077637e-01 5.105931758880615234e-01 5.105297565460205078e-01 5.076701641082763672e-01 5.079380869865417480e-01 5.078116655349731445e-01 5.110781192779541016e-01 5.198736190795898438e-01 5.198767781257629395e-01
5.350877046585083008e-01 5.303958654403686523e-01 5.238380432128906250e-01 5.183140039443969727e-01 5.212516784667968750e-01 5.200082063674926758e-01 5.185376405715942383e-01 5.216275453567504883e-01 5.216246247291564941e-01 5.225731134414672852e-01 5.259889364242553711e-01 5.297031998634338379e-01 5.247918367385864258e-01 5.259919762611389160e-01 5.297054052352905273e-01
5.030303001403808594e-01 5.030303001403808594e-01 5.016340017318725586e-01 5.010005235671997070e-01 5.010316371917724609e-01 5.010803937911987305e-01 5.011891126632690430e-01 5.012158751487731934e-01 5.009663105010986328e-01 5.009556412696838379e-01 5.010195374488830566e-01 5.009192228317260742e-01 5.009272694587707520e-01 5.011492967605590820e-01 5.011469125747680664e-01
5.040016174316406250e-01 5.033527612686157227e-01 5.032669305801391602e-01 5.018032789230346680e-01 5.030558705329895020e-01 5.030516386032104492e-01 5.021147727966308594e-01 5.025196075439453125e-01 5.023295879364013672e-01 5.014674663543701172e-01 5.017703771591186523e-01 5.017796754837036133e-01 5.033609867095947266e-01 5.028872489929199219e-01 5.047086477279663086e-01
5.092434287071228027e-01 5.107001066207885742e-01 5.134679079055786133e-01 5.031184554100036621e-01 5.107191801071166992e-01 5.134631395339965820e-01 5.030142664909362793e-01 5.081804990768432617e-01 5.081456899642944336e-01 5.026965737342834473e-01 5.065957307815551758e-01 5.065596103668212891e-01 5.067230463027954102e-01 5.077336430549621582e-01 5.075736045837402344e-01
5.014181137084960938e-01 5.012903213500976562e-01 5.015078186988830566e-01 5.010435581207275391e-01 5.012824535369873047e-01 5.012539625167846680e-01 5.009790062904357910e-01 5.009845495223999023e-01 5.009382963180541992e-01 5.006289482116699219e-01 5.009130835533142090e-01 5.009083151817321777e-01 5.009796619415283203e-01 5.012965798377990723e-01 5.012428164482116699e-01
