1.000000000000000000e+00 1.000000000000000000e+00 1.000000000000000000e+00 1.000000000000000000e+00 9.999999403953552246e-01 1.000000000000000000e+00 1.000000000000000000e+00 1.000000000000000000e+00 1.000000000000000000e+00 1.000000000000000000e+00 1.000000000000000000e+00 9.999997615814208984e-01 1.000000000000000000e+00 1.000000000000000000e+00 3.576278686523437500e-07
9.837856292724609375e-01 9.984871745109558105e-01 9.983662366867065430e-01 9.899886846542358398e-01 9.863132238388061523e-01 9.938377141952514648e-01 9.966620206832885742e-01 9.963511228561401367e-01 7.172297835350036621e-01 9.880518913269042969e-01 9.856767058372497559e-01 9.332324862480163574e-01 5.008764266967773438e-01 9.458352327346801758e-01 9.853057861328125000e-01
9.543603062629699707e-01 9.757149219512939453e-01 9.791805148124694824e-01 9.729973077774047852e-01 9.409031271934509277e-01 9.360415339469909668e-01 8.736114501953125000e-01 9.367065429687500000e-01 9.152671694755554199e-01 9.327604770660400391e-01 9.629602432250976562e-01 8.456358313560485840e-01 9.001795649528503418e-01 9.428288936614990234e-01 9.308521747589111328e-01
9.614514112472534180e-01 9.929696321487426758e-01 9.888847470283508301e-01 9.904332756996154785e-01 9.397432208061218262e-01 9.589564204216003418e-01 9.532513618469238281e-01 9.685871005058288574e-01 9.505451321601867676e-01 9.638125300407409668e-01 9.728655815124511719e-01 8.322601318359375000e-01 9.497913122177124023e-01 9.453799724578857422e-01 6.310681104660034180e-01
9.999000430107116699e-01 9.999988079071044922e-01 9.999972581863403320e-01 9.999958276748657227e-01 9.998140931129455566e-01 9.999863505363464355e-01 9.999877810478210449e-01 9.999916553497314453e-01 9.998978376388549805e-01 9.999884366989135742e-01 9.999368786811828613e-01 9.977926015853881836e-01 9.995980262756347656e-01 9.998655915260314941e-01 3.248929977416992188e-03
9.961427450180053711e-01 9.987959861755371094e-01 9.988406300544738770e-01 9.962918162345886230e-01 9.932953715324401855e-01 9.921141266822814941e-01 9.951821565628051758e-01 9.955247640609741211e-01 9.695698618888854980e-01 9.885156750679016113e-01 9.965898394584655762e-01 9.343031644821166992e-01 9.854718446731567383e-01 9.814617633819580078e-01 1.779001951217651367e-01
9.999912977218627930e-01 9.999994635581970215e-01 9.999992251396179199e-01 9.999995827674865723e-01 9.999750852584838867e-01 9.999974966049194336e-01 9.999917745590209961e-01 9.999946355819702148e-01 9.999954700469970703e-01 9.999973773956298828e-01 9.999932050704956055e-01 9.999025464057922363e-01 9.999914169311523438e-01 9.999815225601196289e-01 1.899003982543945312e-04
8.899248242378234863e-01 9.940924048423767090e-01 9.924261569976806641e-01 9.871000647544860840e-01 9.487811326980590820e-01 9.831339716911315918e-01 9.746232032775878906e-01 9.761092066764831543e-01 6.985448598861694336e-01 9.594604969024658203e-01 9.740084409713745117e-01 9.465370178222656250e-01 7.736402750015258789e-01 9.104812145233154297e-01 9.911366701126098633e-01
9.989306330680847168e-01 9.997898936271667480e-01 9.996979236602783203e-01 9.995527267456054688e-01 9.947086572647094727e-01 9.994360208511352539e-01 9.996234774589538574e-01 9.994909167289733887e-01 9.980602860450744629e-01 9.996860623359680176e-01 9.977885484695434570e-01 9.658712744712829590e-01 9.835712313652038574e-01 9.967181682586669922e-01 6.707429885864257812e-02
9.259474873542785645e-01 9.644826054573059082e-01 9.601234197616577148e-01 9.636944532394409180e-01 9.436398744583129883e-01 9.427507519721984863e-01 9.388629198074340820e-01 9.332479238510131836e-01 9.345827698707580566e-01 9.356075525283813477e-01 9.261728525161743164e-01 9.337731599807739258e-01 9.149082899093627930e-01 9.173537492752075195e-01 8.648520708084106445e-01
9.795327186584472656e-01 9.980791807174682617e-01 9.975863099098205566e-01 9.904847741127014160e-01 9.732813835144042969e-01 9.879936575889587402e-01 9.922233819961547852e-01 9.924206137657165527e-01 5.416254997253417969e-01 9.462303519248962402e-01 9.835500717163085938e-01 9.286625385284423828e-01 7.720389962196350098e-01 9.228179454803466797e-01 9.934726357460021973e-01
9.549961686134338379e-01 9.760773777961730957e-01 9.735105037689208984e-01 9.586251378059387207e-01 9.461732506752014160e-01 9.520419239997863770e-01 9.243531227111816406e-01 9.505990743637084961e-01 8.723578453063964844e-01 8.996857404708862305e-01 9.711608290672302246e-01 8.724876642227172852e-01 9.150680899620056152e-01 8.767186403274536133e-01 9.561446309089660645e-01
9.405031204223632812e-01 9.709528684616088867e-01 9.714209437370300293e-01 9.684379696846008301e-01 9.565420746803283691e-01 9.400986433029174805e-01 9.593565464019775391e-01 9.523884057998657227e-01 8.946640491485595703e-01 8.922243118286132812e-01 9.664815068244934082e-01 8.776562213897705078e-01 9.277794361114501953e-01 9.378578066825866699e-01 8.436360955238342285e-01
8.966050148010253906e-01 9.971974492073059082e-01 9.967190623283386230e-01 9.957327842712402344e-01 9.677930474281311035e-01 9.776786565780639648e-01 9.548236131668090820e-01 9.795837402343750000e-01 8.317323923110961914e-01 9.458155035972595215e-01 9.731661081314086914e-01 9.707193970680236816e-01 8.879320621490478516e-01 6.362752914428710938e-01 9.882258772850036621e-01
9.468103647232055664e-01 9.651953577995300293e-01 9.626931548118591309e-01 9.611545801162719727e-01 9.483902454376220703e-01 9.487478733062744141e-01 9.423002004623413086e-01 9.439681768417358398e-01 8.480132818222045898e-01 8.674786686897277832e-01 9.566869735717773438e-01 9.114413857460021973e-01 9.129455089569091797e-01 9.263144731521606445e-01 9.578596949577331543e-01
9.478806853294372559e-01 9.825355410575866699e-01 9.832875728607177734e-01 9.863461256027221680e-01 9.443166255950927734e-01 9.786101579666137695e-01 9.712579846382141113e-01 9.600181579589843750e-01 9.459589719772338867e-01 9.729913473129272461e-01 9.776611924171447754e-01 8.592189550399780273e-01 9.558891654014587402e-01 9.636937379837036133e-01 5.703338384628295898e-01
9.454553127288818359e-01 9.993779659271240234e-01 9.995387792587280273e-01 9.991900920867919922e-01 9.693803787231445312e-01 9.989699125289916992e-01 9.985820055007934570e-01 9.980329871177673340e-01 9.457237720489501953e-01 9.989901781082153320e-01 9.968493580818176270e-01 9.885666370391845703e-01 2.441830635070800781e-01 9.183441400527954102e-01 9.988154172897338867e-01
9.795652627944946289e-01 9.981349706649780273e-01 9.982607364654541016e-01 9.960785508155822754e-01 9.493940472602844238e-01 9.857386946678161621e-01 9.948105216026306152e-01 9.958114624023437500e-01 6.661493778228759766e-01 9.780189394950866699e-01 9.921092391014099121e-01 9.577226638793945312e-01 6.494988203048706055e-01 8.671956658363342285e-01 9.915111064910888672e-01
9.999914169311523438e-01 9.999996423721313477e-01 9.999994635581970215e-01 9.999997019767761230e-01 9.999811053276062012e-01 9.999987483024597168e-01 9.999891519546508789e-01 9.999952912330627441e-01 9.999957084655761719e-01 9.999983310699462891e-01 9.999965429306030273e-01 9.999117851257324219e-01 9.999920725822448730e-01 9.999793767929077148e-01 1.716613769531250000e-04
9.985941648483276367e-01 9.995597600936889648e-01 9.994352459907531738e-01 9.996137022972106934e-01 9.966190457344055176e-01 9.984693527221679688e-01 9.975390434265136719e-01 9.982045888900756836e-01 9.982834458351135254e-01 9.987019300460815430e-01 9.976785182952880859e-01 9.876256585121154785e-01 9.967236518859863281e-01 9.975660443305969238e-01 3.538602590560913086e-02
9.003707170486450195e-01 9.999018311500549316e-01 9.999224543571472168e-01 9.998105168342590332e-01 9.870889186859130859e-01 9.990838766098022461e-01 9.988652467727661133e-01 9.991186261177062988e-01 8.856739401817321777e-01 9.978400468826293945e-01 9.970489740371704102e-01 9.973707199096679688e-01 4.318283200263977051e-01 8.064815402030944824e-01 9.995941519737243652e-01
9.177565574645996094e-01 9.998043179512023926e-01 9.998670816421508789e-01 9.996105432510375977e-01 9.877095222473144531e-01 9.992447495460510254e-01 9.991947412490844727e-01 9.990838766098022461e-01 9.504823684692382812e-01 9.987537264823913574e-01 9.972397089004516602e-01 9.970218539237976074e-01 3.930080533027648926e-01 7.623087167739868164e-01 9.989139437675476074e-01
9.795988202095031738e-01 9.987432956695556641e-01 9.990798234939575195e-01 9.973444938659667969e-01 9.835268259048461914e-01 9.975819587707519531e-01 9.989739656448364258e-01 9.977595806121826172e-01 8.853828310966491699e-01 9.969825744628906250e-01 9.973469972610473633e-01 9.793117642402648926e-01 2.076358199119567871e-01 9.822487831115722656e-01 9.984825253486633301e-01
9.998314380645751953e-01 9.999999403953552246e-01 1.000000000000000000e+00 9.999998807907104492e-01 9.999693632125854492e-01 9.999999403953552246e-01 1.000000000000000000e+00 9.999997615814208984e-01 9.940401911735534668e-01 9.999997615814208984e-01 9.999994039535522461e-01 9.999415278434753418e-01 6.248474121093750000e-03 9.999703764915466309e-01 9.999999403953552246e-01
9.998772144317626953e-01 9.999791979789733887e-01 9.999712705612182617e-01 9.999646544456481934e-01 9.997140765190124512e-01 9.998837113380432129e-01 9.999480247497558594e-01 9.999014139175415039e-01 9.998052716255187988e-01 9.999224543571472168e-01 9.998204708099365234e-01 9.982238411903381348e-01 9.998046159744262695e-01 9.998119473457336426e-01 3.372013568878173828e-03
9.816032648086547852e-01 9.979500174522399902e-01 9.967598319053649902e-01 9.946178793907165527e-01 8.485835194587707520e-01 9.840805530548095703e-01 9.905148148536682129e-01 9.915505647659301758e-01 9.265142679214477539e-01 9.893703460693359375e-01 9.798931479454040527e-01 8.819951415061950684e-01 6.733258366584777832e-01 8.010352849960327148e-01 9.622055292129516602e-01
9.636943340301513672e-01 9.974508285522460938e-01 9.974011182785034180e-01 9.940986633300781250e-01 9.704205393791198730e-01 9.782299995422363281e-01 9.754821062088012695e-01 9.870623350143432617e-01 6.478804349899291992e-01 9.587718248367309570e-01 9.685059189796447754e-01 9.744542241096496582e-01 7.652831077575683594e-01 8.282002210617065430e-01 9.930644035339355469e-01
9.764772057533264160e-01 9.913368821144104004e-01 9.899500608444213867e-01 9.786002039909362793e-01 9.720799326896667480e-01 9.698792099952697754e-01 9.739170670509338379e-01 9.826707839965820312e-01 5.022820234298706055e-01 9.312756061553955078e-01 9.744914174079895020e-01 9.442322254180908203e-01 8.940842747688293457e-01 9.350796937942504883e-01 9.836434721946716309e-01
9.962931871414184570e-01 9.995211362838745117e-01 9.994688034057617188e-01 9.992201924324035645e-01 9.969856739044189453e-01 9.988013505935668945e-01 9.988443851470947266e-01 9.973058104515075684e-01 9.952350258827209473e-01 9.982011318206787109e-01 9.977946877479553223e-01 9.876509308815002441e-01 9.954441785812377930e-01 9.896316528320312500e-01 4.960179328918457031e-02
1.000000000000000000e+00 1.000000000000000000e+00 1.000000000000000000e+00 1.000000000000000000e+00 9.999999403953552246e-01 1.000000000000000000e+00 1.000000000000000000e+00 1.000000000000000000e+00 1.000000000000000000e+00 1.000000000000000000e+00 1.000000000000000000e+00 9.999991059303283691e-01 1.000000000000000000e+00 1.000000000000000000e+00 1.072883605957031250e-06
9.559654593467712402e-01 9.892333149909973145e-01 9.839061498641967773e-01 9.817554950714111328e-01 9.393845796585083008e-01 9.571861624717712402e-01 9.499643445014953613e-01 9.640324115753173828e-01 8.470587730407714844e-01 8.921449184417724609e-01 9.646292328834533691e-01 8.997951149940490723e-01 9.074781537055969238e-01 8.276709318161010742e-01 9.397949576377868652e-01
9.385246038436889648e-01 9.788845181465148926e-01 9.777583479881286621e-01 9.667686223983764648e-01 9.628517031669616699e-01 9.482795000076293945e-01 9.638811349868774414e-01 9.618090987205505371e-01 8.479083180427551270e-01 8.948287963867187500e-01 9.686037302017211914e-01 8.886966705322265625e-01 8.812389373779296875e-01 9.423471689224243164e-01 8.776187896728515625e-01
8.893412947654724121e-01 9.931082129478454590e-01 9.901224374771118164e-01 9.904356598854064941e-01 9.358965158462524414e-01 9.854754209518432617e-01 9.733563661575317383e-01 9.625594019889831543e-01 7.299953699111938477e-01 9.575964808464050293e-01 9.766005277633666992e-01 9.454170465469360352e-01 8.390281200408935547e-01 8.424246311187744141e-01 9.886424541473388672e-01
9.263172149658203125e-01 9.537345170974731445e-01 9.496654272079467773e-01 9.584029912948608398e-01 9.286084771156311035e-01 9.543273448944091797e-01 9.293244481086730957e-01 9.384084939956665039e-01 9.058197736740112305e-01 9.417267441749572754e-01 9.456479549407958984e-01 9.176501035690307617e-01 9.025034904479980469e-01 9.099681973457336426e-01 9.378947615623474121e-01
9.502904415130615234e-01 9.937978386878967285e-01 9.930339455604553223e-01 9.815512895584106445e-01 9.810314774513244629e-01 9.674368500709533691e-01 9.812080860137939453e-01 9.764921665191650391e-01 8.127062320709228516e-01 8.884879350662231445e-01 9.881923794746398926e-01 8.886436223983764648e-01 9.109801650047302246e-01 9.596388936042785645e-01 7.265087366104125977e-01
9.490087628364562988e-01 9.627948999404907227e-01 9.638312458992004395e-01 9.414654970169067383e-01 9.448414444923400879e-01 9.420477747917175293e-01 9.558180570602416992e-01 9.428792595863342285e-01 8.965467214584350586e-01 9.107736349105834961e-01 9.422901868820190430e-01 9.169793128967285156e-01 9.321349859237670898e-01 8.977820277214050293e-01 9.008061289787292480e-01
9.393325448036193848e-01 9.947268962860107422e-01 9.928517937660217285e-01 9.898306727409362793e-01 9.387534856796264648e-01 9.573907852172851562e-01 9.014791250228881836e-01 9.713637828826904297e-01 9.391452074050903320e-01 9.505196809768676758e-01 9.724591374397277832e-01 8.679037094116210938e-01 9.152872562408447266e-01 8.285306692123413086e-01 8.404251933097839355e-01
9.999400973320007324e-01 9.999966621398925781e-01 9.999929070472717285e-01 9.999948740005493164e-01 9.995344877243041992e-01 9.999728798866271973e-01 9.999676942825317383e-01 9.999737143516540527e-01 9.999538660049438477e-01 9.999859333038330078e-01 9.999281764030456543e-01 9.986304044723510742e-01 9.998764395713806152e-01 9.999405741691589355e-01 2.311408519744873047e-03
9.341192245483398438e-01 9.878723621368408203e-01 9.861083626747131348e-01 9.848688244819641113e-01 9.498162269592285156e-01 9.539960026741027832e-01 9.616103172302246094e-01 9.721637964248657227e-01 9.264975786209106445e-01 9.367141723632812500e-01 9.731660485267639160e-01 8.446543812751770020e-01 9.502845406532287598e-01 8.996446728706359863e-01 7.384833097457885742e-01
9.895554780960083008e-01 9.998011589050292969e-01 9.997323751449584961e-01 9.977005124092102051e-01 9.824285507202148438e-01 9.989697337150573730e-01 9.993798732757568359e-01 9.979931116104125977e-01 7.466012239456176758e-01 9.972761273384094238e-01 9.975278973579406738e-01 9.758171439170837402e-01 3.562062978744506836e-01 9.624122977256774902e-01 9.985982179641723633e-01
9.573288559913635254e-01 9.845463037490844727e-01 9.844405055046081543e-01 9.668342471122741699e-01 9.686691164970397949e-01 9.441640377044677734e-01 9.680912494659423828e-01 9.570565223693847656e-01 8.510267734527587891e-01 9.018277525901794434e-01 9.641370177268981934e-01 8.780347108840942383e-01 9.321662187576293945e-01 9.407198429107666016e-01 8.009567260742187500e-01
9.947050213813781738e-01 9.984815120697021484e-01 9.986952543258666992e-01 9.971932172775268555e-01 9.951788187026977539e-01 9.925669431686401367e-01 9.953843951225280762e-01 9.963975548744201660e-01 9.848309755325317383e-01 9.897439479827880859e-01 9.934802055358886719e-01 9.601370692253112793e-01 9.840472936630249023e-01 9.920428395271301270e-01 1.271147131919860840e-01
9.726594090461730957e-01 9.772370457649230957e-01 9.765980243682861328e-01 9.425892233848571777e-01 9.474438428878784180e-01 9.427448511123657227e-01 9.458160400390625000e-01 9.639595746994018555e-01 8.528648018836975098e-01 8.958117365837097168e-01 9.689226746559143066e-01 8.666804432868957520e-01 9.103844761848449707e-01 9.044325947761535645e-01 9.318552613258361816e-01
9.864645600318908691e-01 9.982024431228637695e-01 9.990071058273315430e-01 9.971807599067687988e-01 9.577378034591674805e-01 9.947025179862976074e-01 9.918045997619628906e-01 9.948343634605407715e-01 9.466902613639831543e-01 9.950665831565856934e-01 9.969220161437988281e-01 6.403234004974365234e-01 5.913214683532714844e-01 9.576758742332458496e-01 9.520662426948547363e-01
9.409583210945129395e-01 9.852855205535888672e-01 9.816319942474365234e-01 9.768038988113403320e-01 9.323636293411254883e-01 9.466960430145263672e-01 9.594022631645202637e-01 9.661244153976440430e-01 9.292988777160644531e-01 9.312034249305725098e-01 9.286892414093017578e-01 9.419654011726379395e-01 9.230471253395080566e-01 7.411956787109375000e-01 9.153341650962829590e-01
9.033486843109130859e-01 9.962732195854187012e-01 9.957101941108703613e-01 9.962297677993774414e-01 9.614820480346679688e-01 9.936021566390991211e-01 9.880689978599548340e-01 9.777617454528808594e-01 9.453613162040710449e-01 9.933188557624816895e-01 9.878110289573669434e-01 9.039649367332458496e-01 8.301601409912109375e-01 9.132646322250366211e-01 6.136422157287597656e-01
9.972237944602966309e-01 9.997195005416870117e-01 9.996600747108459473e-01 9.996285438537597656e-01 9.975801110267639160e-01 9.987363219261169434e-01 9.978129863739013672e-01 9.973116517066955566e-01 9.976981282234191895e-01 9.982686042785644531e-01 9.982151389122009277e-01 9.936345219612121582e-01 9.970622062683105469e-01 9.960222244262695312e-01 3.142613172531127930e-02
9.456988573074340820e-01 9.899740219116210938e-01 9.921851158142089844e-01 9.886719584465026855e-01 9.539141654968261719e-01 9.781661033630371094e-01 9.844112396240234375e-01 9.745883941650390625e-01 7.459579706192016602e-01 9.774044752120971680e-01 9.694965481758117676e-01 9.379932880401611328e-01 6.578174829483032227e-01 9.209528565406799316e-01 9.827674627304077148e-01
8.967813849449157715e-01 9.961630702018737793e-01 9.967899918556213379e-01 9.948291778564453125e-01 9.651348590850830078e-01 9.921908974647521973e-01 9.912752509117126465e-01 9.873198270797729492e-01 6.605162620544433594e-01 9.826121330261230469e-01 9.825220108032226562e-01 9.745177626609802246e-01 6.507169008255004883e-01 9.336192607879638672e-01 9.950112104415893555e-01
9.943956732749938965e-01 9.991371631622314453e-01 9.991996884346008301e-01 9.942356944084167480e-01 9.964210391044616699e-01 9.909028410911560059e-01 9.958493709564208984e-01 9.962196946144104004e-01 9.183309674263000488e-01 9.741953611373901367e-01 9.974271059036254883e-01 9.353762269020080566e-01 9.686459898948669434e-01 9.899769425392150879e-01 2.496863007545471191e-01
