1.208865083754062653e-02
9.814484044909477234e-03
7.964567281305789948e-03
1.306904200464487076e-02
1.173423510044813156e-02
2.006570994853973389e-02
8.807498030364513397e-03
7.377321831881999969e-03
9.643467143177986145e-03
6.130570080131292343e-03
7.884861901402473450e-03
9.770843200385570526e-03
4.071978852152824402e-02
7.050198968499898911e-03
1.123520545661449432e-02
8.294276893138885498e-03
7.792034745216369629e-01
1.155641023069620132e-02
6.550502963364124298e-03
1.103887800127267838e-02
