5.016349023208022118e-04
3.097640292253345251e-04
2.519100962672382593e-04
4.808547673746943474e-04
2.703265927266329527e-04
1.067532226443290710e-03
2.780721406452357769e-04
2.241026377305388451e-04
3.865064645651727915e-04
1.284970639972016215e-04
8.053258061408996582e-03
4.109533620066940784e-04
1.807516673579812050e-03
2.225060743512585759e-04
4.991998430341482162e-04
2.026379515882581472e-04
9.841488003730773926e-01
3.756507358048111200e-04
5.821297963848337531e-05
3.221103397663682699e-04
