2.305957488715648651e-03
1.625145203433930874e-03
1.253482070751488209e-03
2.206307370215654373e-03
1.607563928700983524e-03
3.717353800311684608e-03
1.233326387591660023e-03
1.340142101980745792e-03
1.759411650709807873e-03
9.816177189350128174e-04
5.650199949741363525e-03
1.666040509007871151e-03
2.227147575467824936e-03
1.238533761352300644e-03
2.087445231154561043e-03
1.354800653643906116e-03
9.633360505104064941e-01
1.622050651349127293e-03
9.267187560908496380e-04
1.860685413703322411e-03
