4.270730074495077133e-03
3.402539994567632675e-03
2.853233832865953445e-03
4.716929979622364044e-03
4.772371612489223480e-03
9.071700274944305420e-03
3.600323107093572617e-03
3.139841370284557343e-03
3.201792249456048012e-03
2.294003497809171677e-03
1.033895835280418396e-02
3.336546011269092560e-03
8.755375742912292480e-01
2.319379243999719620e-03
3.260341472923755646e-03
2.728966996073722839e-03
8.886376395821571350e-03
3.655194770544767380e-03
4.528012871742248535e-02
3.333111293613910675e-03
