4.493579908739775419e-04
1.848998072091490030e-04
1.282354787690564990e-04
2.564013702794909477e-04
1.747052010614424944e-04
1.422855537384748459e-03
3.346543526276946068e-04
1.712196099106222391e-04
4.082176601514220238e-04
7.042033394100144506e-05
8.289152383804321289e-01
2.061744453385472298e-04
5.106090102344751358e-03
1.416312443325296044e-04
2.262397611048072577e-04
5.350311403162777424e-05
1.585799967870116234e-03
1.709635980660095811e-04
1.598252058029174805e-01
1.682721194811165333e-04
