4.564251909755512315e-08
2.532126330834216787e-08
1.691314821528067114e-08
7.296102921827696264e-08
6.364404470105000655e-08
4.120440735277952626e-07
2.270311583174589032e-08
1.841597097040903463e-08
2.108178165372009971e-08
8.006352913980663288e-09
1.120190859182912391e-06
2.357816519804600830e-08
9.999862909317016602e-01
1.106951241780507189e-08
2.598728165992270078e-08
1.042766317738141879e-08
7.617373967150342651e-07
3.656527525208730367e-08
1.095016887120436877e-05
2.489505135372382938e-08
