2.335973658773582429e-05
2.051262163149658591e-05
1.298894767387537286e-05
3.748321614693850279e-05
3.704712435137480497e-05
9.381189738633111119e-05
1.721811531751882285e-05
1.497023185947909951e-05
1.194823562400415540e-05
9.256112207367550582e-06
5.897747178096324205e-05
1.851057277235668153e-05
9.993828535079956055e-01
9.425468306289985776e-06
1.317557598667917773e-05
1.072466966434149072e-05
5.767338370787911117e-05
2.561988003435544670e-05
1.232670911122113466e-04
2.124661477864719927e-05
