2.055407501757144928e-03
1.499352627433836460e-03
1.096917781978845596e-03
1.733911805786192417e-03
1.827091327868402004e-03
4.103703424334526062e-03
1.248284941539168358e-03
1.133665326051414013e-03
1.692669582553207874e-03
7.932535954751074314e-04
6.797505542635917664e-03
1.529906992800533772e-03
2.674822928383946419e-03
1.042310846969485283e-03
1.888020429760217667e-03
1.082987640984356403e-03
9.619711637496948242e-01
1.400708570145070553e-03
2.865881193429231644e-03
1.562313525937497616e-03
