2.335494355065748096e-05
1.671856989560183138e-05
9.830702765611931682e-06
2.551315810706000775e-05
1.795573007257189602e-05
7.401772018056362867e-05
1.365452862955862656e-05
9.465687980991788208e-06
1.671284553594887257e-05
6.012868198013165966e-06
6.393188232323154807e-05
1.493374111305456609e-05
1.396763582306448370e-05
7.894710506661795080e-06
2.098801269312389195e-05
9.543986379867419600e-06
9.996200799942016602e-01
1.374942348775221035e-05
3.820189249381655827e-06
1.786099346645642072e-05
