5.098199937492609024e-03
2.746196230873465538e-03
2.946353284642100334e-03
3.893561894074082375e-03
2.954797819256782532e-03
6.920943502336740494e-03
5.417935550212860107e-03
2.325173700228333473e-03
4.130838438868522644e-03
1.755039440467953682e-03
9.036337137222290039e-01
4.754248075187206268e-03
2.075476944446563721e-02
3.337583038955926895e-03
4.530752543359994888e-03
1.827669446356594563e-03
1.373260375112295151e-02
3.349879058077931404e-03
3.002265235409140587e-03
2.887415466830134392e-03
