9.090740036299393978e-07
8.763389018895395566e-07
8.434648748334439006e-07
2.030990117418696173e-06
1.941337814059806988e-06
5.079080438008531928e-06
7.937754844533628784e-07
4.922186462863464840e-07
4.735377103770588292e-07
3.150493910197837977e-07
7.355621619353769347e-06
1.303756675952172372e-06
9.999644756317138672e-01
4.327964973072084831e-07
7.135137707336980384e-07
5.841992560817743652e-07
8.287438504339661449e-06
1.643525934014178347e-06
4.879468633589567617e-07
9.915373766489210539e-07
