9.644465753808617592e-04
7.399222231470048428e-04
5.726256640627980232e-04
1.018711016513407230e-03
8.694530697539448738e-04
1.929681398905813694e-03
6.390616763383150101e-04
5.591909284703433514e-04
8.305035298690199852e-04
4.057299520354717970e-04
1.503655337728559971e-03
7.182087865658104420e-04
9.995740838348865509e-04
4.718713462352752686e-04
9.331463952548801899e-04
5.739892367273569107e-04
9.841305613517761230e-01
6.983347120694816113e-04
6.134621216915547848e-04
8.279396570287644863e-04
