4.647414607461541891e-04
4.988047876395285130e-04
3.260504163336008787e-04
7.111795712262392044e-04
8.299452019855380058e-04
1.609664061106741428e-03
4.302053421270102262e-04
3.449333598837256432e-04
2.738891053013503551e-04
2.535309758968651295e-04
5.209974478930234909e-04
5.337303737178444862e-04
9.894521236419677734e-01
2.517499960958957672e-04
3.366010787431150675e-04
3.356101515237241983e-04
7.377243600785732269e-04
6.710590096190571785e-04
8.522405987605452538e-04
5.651565152220427990e-04
