7.694299798458814621e-03
4.211420193314552307e-03
3.073157742619514465e-03
4.858617205172777176e-03
4.011786077171564102e-03
1.303252018988132477e-02
2.881586784496903419e-03
4.474813584238290787e-03
7.619987241923809052e-03
2.668477129191160202e-03
1.925255544483661652e-02
3.174264915287494659e-03
2.725718729197978973e-02
3.136995248496532440e-03
3.929908853024244308e-03
2.405606210231781006e-03
4.337144494056701660e-01
4.876475315541028976e-03
4.428627490997314453e-01
4.863070324063301086e-03
