3.451514523476362228e-03
2.916547236964106560e-03
2.032764256000518799e-03
3.710106713697314262e-03
4.076805897057056427e-03
8.053716272115707397e-03
2.288800664246082306e-03
2.344276057556271553e-03
2.344181993976235390e-03
1.627038232982158661e-03
3.283073427155613899e-03
2.523600356653332710e-03
9.146075248718261719e-01
1.672104699537158012e-03
2.245236653834581375e-03
1.800421276129782200e-03
1.001872122287750244e-02
3.417188767343759537e-03
2.463842742145061493e-02
2.947922563180327415e-03
