2.848366834223270416e-02
2.274244464933872223e-02
1.841922663152217865e-02
2.488992363214492798e-02
2.642991580069065094e-02
4.082264006137847900e-02
2.356497943401336670e-02
1.911309733986854553e-02
2.452920377254486084e-02
1.570790074765682220e-02
4.502335563302040100e-02
2.099613659083843231e-02
3.682905808091163635e-02
1.607486978173255920e-02
2.421709150075912476e-02
1.680073700845241547e-02
4.639679789543151855e-01
2.046245709061622620e-02
8.870481699705123901e-02
2.222051285207271576e-02
