5.407300591468811035e-02
4.450655728578567505e-02
4.475240409374237061e-02
5.093513429164886475e-02
5.226817354559898376e-02
5.486865341663360596e-02
5.621888861060142517e-02
4.302515089511871338e-02
4.595629498362541199e-02
4.132399708032608032e-02
7.791673392057418823e-02
4.943830519914627075e-02
5.379778891801834106e-02
4.442478716373443604e-02
4.694442078471183777e-02
4.162232205271720886e-02
5.574025213718414307e-02
4.843409359455108643e-02
4.717066884040832520e-02
4.658233746886253357e-02
