2.976707555353641510e-02
2.347693964838981628e-02
2.208380959928035736e-02
2.843787521123886108e-02
2.814268879592418671e-02
4.039788246154785156e-02
2.383785881102085114e-02
2.215041406452655792e-02
2.597446925938129425e-02
1.772326603531837463e-02
4.685215651988983154e-02
2.399910986423492432e-02
7.580521702766418457e-02
1.983174867928028107e-02
2.779566124081611633e-02
2.144229784607887268e-02
4.132875502109527588e-01
2.409386262297630310e-02
6.007748097181320190e-02
2.482262253761291504e-02
