1.557859941385686398e-03
1.161809894256293774e-03
7.496352191083133221e-04
1.197917037643492222e-03
1.011000480502843857e-03
5.513901356607675552e-03
1.143389265052974224e-03
8.896045037545263767e-04
1.598842791281640530e-03
4.065000102855265141e-04
4.760690927505493164e-01
1.179988612420856953e-03
1.982183195650577545e-03
7.406077929772436619e-04
1.159177394583821297e-03
4.121635283809155226e-04
4.771367609500885010e-01
8.462258847430348396e-04
2.419344708323478699e-02
1.049935119226574898e-03
