4.627323360182344913e-04
2.186279598390683532e-04
1.219336045323871076e-04
3.321999101899564266e-04
2.909791073761880398e-04
1.401796587742865086e-03
1.689628843450918794e-04
2.226671786047518253e-04
2.933960058726370335e-04
9.727460565045475960e-05
2.180468058213591576e-03
1.218416582560166717e-04
7.071920037269592285e-01
1.050240534823387861e-04
1.597249647602438927e-04
8.237546717282384634e-05
2.133785048499703407e-03
2.269285760121420026e-04
2.839772999286651611e-01
2.099254488712176681e-04
