2.156872506020590663e-04
1.500766375102102757e-04
1.115687773562967777e-04
2.211932878708466887e-04
1.557272044010460377e-04
4.671660135500133038e-04
1.067859629984013736e-04
1.081407899619080126e-04
1.743536558933556080e-04
7.275713869603350759e-05
3.006266488227993250e-04
1.483335800003260374e-04
2.800722140818834305e-04
9.397621761308982968e-05
2.202909963671118021e-04
1.135315687861293554e-04
9.966284632682800293e-01
1.535382034489884973e-04
9.829152986640110612e-05
1.793917326722294092e-04
