1.301619689911603928e-02
1.084090583026409149e-02
8.582416921854019165e-03
1.352658774703741074e-02
1.383129600435495377e-02
2.315500937402248383e-02
9.016581811010837555e-03
8.088881149888038635e-03
1.144925225526094437e-02
6.883240304887294769e-03
1.080394722521305084e-02
1.025796029716730118e-02
4.739510267972946167e-02
7.845771498978137970e-03
1.221068948507308960e-02
9.223843924701213837e-03
7.491058707237243652e-01
1.254509575664997101e-02
1.019038446247577667e-02
1.203097961843013763e-02
