4.657321551349014044e-05
5.036337097408249974e-05
3.791842755163088441e-05
7.518310303566977382e-05
8.993571827886626124e-05
1.870230480562895536e-04
3.682445822050794959e-05
3.030868720088619739e-05
2.490805309207644314e-05
2.130102257069665939e-05
6.406658212654292583e-05
5.447235525934956968e-05
9.988662004470825195e-01
2.327414040337316692e-05
3.465066401986405253e-05
3.209847272955812514e-05
1.655392406973987818e-04
6.775929796276614070e-05
3.970934267272241414e-05
5.192382741370238364e-05
