2.029090865107718855e-05
1.136926857725484297e-05
7.644738616363611072e-06
1.779639569576829672e-05
8.716497177374549210e-06
6.116744771134108305e-05
7.637138878635596484e-06
7.682589966861996800e-06
1.556538518343586475e-05
4.328955583332572132e-06
4.466314567252993584e-04
1.511684695287840441e-05
2.455368849041406065e-05
7.876787094573955983e-06
2.072405186481773853e-05
6.439393928303616121e-06
9.992871880531311035e-01
1.263539525098167360e-05
3.216948471163050272e-06
1.344289466942427680e-05
