3.964623063802719116e-02
3.722216188907623291e-02
3.164249286055564880e-02
4.482201114296913147e-02
4.326664656400680542e-02
5.402094870805740356e-02
3.684283047914505005e-02
3.107569552958011627e-02
3.255203738808631897e-02
2.680010162293910980e-02
2.911221608519554138e-02
3.980077803134918213e-02
2.005510926246643066e-01
2.866517193615436554e-02
3.461506217718124390e-02
3.238724172115325928e-02
1.428600400686264038e-01
4.372406750917434692e-02
3.104240261018276215e-02
3.935069218277931213e-02
