3.563212975859642029e-02
2.539165131747722626e-02
2.264931239187717438e-02
2.761519886553287506e-02
2.796220965683460236e-02
4.197572544217109680e-02
2.301933616399765015e-02
2.454711869359016418e-02
3.281094133853912354e-02
1.992912217974662781e-02
5.532445386052131653e-02
2.513601444661617279e-02
6.623511016368865967e-02
2.348039671778678894e-02
2.858946658670902252e-02
2.192118205130100250e-02
2.814913690090179443e-01
2.785188332200050354e-02
1.609625518321990967e-01
2.747485786676406860e-02
