1.827933080494403839e-02
1.058170385658740997e-02
1.127454172819852829e-02
1.696645095944404602e-02
1.412653271108865738e-02
2.773487567901611328e-02
2.133942209184169769e-02
1.021610852330923080e-02
1.410226989537477493e-02
8.205242455005645752e-03
4.765841364860534668e-01
1.480899751186370850e-02
2.033016830682754517e-01
1.113596372306346893e-02
1.424252707511186600e-02
8.062604814767837524e-03
1.640624180436134338e-02
1.380995940417051315e-02
7.673922181129455566e-02
1.208218559622764587e-02
