1.241434365510940552e-02
8.266735821962356567e-03
9.365620091557502747e-03
1.281774416565895081e-02
9.643970057368278503e-03
1.816807501018047333e-02
1.156868692487478256e-02
7.005915045738220215e-03
9.987503290176391602e-03
5.643744487315416336e-03
2.194239497184753418e-01
1.200768630951642990e-02
5.293771624565124512e-01
8.800439536571502686e-03
1.129410322755575180e-02
6.850587669759988785e-03
8.045271039009094238e-02
1.244034618139266968e-02
4.988166037946939468e-03
9.482537396252155304e-03
