4.548893310129642487e-03
2.259201370179653168e-03
1.845004153437912464e-03
2.781601622700691223e-03
2.315959660336375237e-03
8.844106458127498627e-03
2.001991262659430504e-03
2.499679336324334145e-03
4.888140130788087845e-03
1.320411101914942265e-03
1.299289017915725708e-01
2.128276275470852852e-03
3.826257586479187012e-02
2.017993247136473656e-03
2.788892947137355804e-03
1.216774573549628258e-03
9.181024134159088135e-02
2.540919464081525803e-03
6.933525800704956055e-01
2.647942630574107170e-03
