7.556162774562835693e-03
5.950238555669784546e-03
4.794273525476455688e-03
7.870394736528396606e-03
7.198049221187829971e-03
1.252180896699428558e-02
5.051236134022474289e-03
4.521355498582124710e-03
5.923415999859571457e-03
3.594981972128152847e-03
6.232894957065582275e-03
5.995643325150012970e-03
3.141058608889579773e-02
4.334663972258567810e-03
7.075635716319084167e-03
5.054946988821029663e-03
8.569202423095703125e-01
6.863646209239959717e-03
4.552312195301055908e-03
6.577516440302133560e-03
