3.203050047159194946e-02
2.425104752182960510e-02
2.420975826680660248e-02
2.851037308573722839e-02
3.172573819756507874e-02
4.943129420280456543e-02
4.190822690725326538e-02
2.140576019883155823e-02
2.879220992326736450e-02
1.920820213854312897e-02
3.752164244651794434e-01
3.055195696651935577e-02
5.328740552067756653e-02
2.388994768261909485e-02
2.821856550872325897e-02
1.846427470445632935e-02
4.205153137445449829e-02
2.393241412937641144e-02
7.802174240350723267e-02
2.489263564348220825e-02
