1.140214595943689346e-02
7.876433432102203369e-03
5.875261500477790833e-03
9.068429470062255859e-03
8.527551777660846710e-03
1.984418183565139771e-02
7.547697983682155609e-03
7.723433431237936020e-03
8.968182839453220367e-03
4.985365550965070724e-03
2.376578934490680695e-02
5.974137689918279648e-03
2.887864410877227783e-01
5.071662366390228271e-03
7.069097366183996201e-03
5.149883683770895004e-03
3.512710705399513245e-02
8.045316673815250397e-03
5.216742157936096191e-01
7.517637219280004501e-03
