5.603309182333759964e-05
5.704987779608927667e-05
4.134940172662027180e-05
8.718726166989654303e-05
1.062148658093065023e-04
2.724073128774762154e-04
4.040737985633313656e-05
3.367634781170636415e-05
3.606225436669774354e-05
2.247849442937877029e-05
6.070744711905717850e-05
5.522997162188403308e-05
9.956538677215576172e-01
2.421899625915102661e-05
5.577521005761809647e-05
3.728001684066839516e-05
2.957637654617428780e-03
6.546916847582906485e-05
2.869267773348838091e-04
4.993334732716903090e-05
