5.685126408934593201e-03
4.832435399293899536e-03
4.562223795801401138e-03
7.746791001409292221e-03
7.519299630075693130e-03
1.133149489760398865e-02
6.782605312764644623e-03
3.758923849090933800e-03
3.706008661538362503e-03
3.061763942241668701e-03
2.525129914283752441e-02
6.553013809025287628e-03
8.744529485702514648e-01
3.747239708900451660e-03
4.056626930832862854e-03
3.688725642859935760e-03
7.720895577222108841e-03
7.419067900627851486e-03
2.346337307244539261e-03
5.777289625257253647e-03
