1.333568917516458896e-07
1.558251199185178848e-07
8.704130038950097514e-08
2.863587269530398771e-07
3.567260478121170308e-07
1.226908466378517915e-06
9.584263693795946892e-08
7.714476879527865094e-08
5.615126852376306488e-08
4.336973447038872109e-08
2.476576810295227915e-07
1.614722151543901418e-07
9.999947547912597656e-01
5.014833703853582847e-08
9.417980351145160967e-08
7.065618490287306486e-08
1.394142486788041424e-06
2.451347143050952582e-07
3.506650614326645155e-07
1.535187550416594604e-07
