7.919473432593804318e-07
5.315635576152999420e-07
2.595443788777629379e-07
8.598040039942134172e-07
5.432224838841648307e-07
3.860075594275258482e-06
3.372179548932763282e-07
2.764999464943684870e-07
5.209442406339803711e-07
1.383468628546324908e-07
1.581796459504403174e-05
4.662202854888164438e-07
3.083756325850117719e-07
1.972117615878232755e-07
6.368593972183589358e-07
2.287491440711164614e-07
9.999732971191406250e-01
3.290207644113252172e-07
1.177599600055145856e-07
5.573799057856376749e-07
