5.405234172940254211e-02
4.325098544359207153e-02
4.255838319659233093e-02
4.643002897500991821e-02
4.948027431964874268e-02
5.354285985231399536e-02
4.810941591858863831e-02
4.273117333650588989e-02
4.722277820110321045e-02
3.814344108104705811e-02
6.009242311120033264e-02
4.185336455702781677e-02
4.964010044932365417e-02
3.813697770237922668e-02
4.203913360834121704e-02
3.894582018256187439e-02
7.554744929075241089e-02
4.480026662349700928e-02
9.874813258647918701e-02
4.467471316456794739e-02
