9.764893329702317715e-04
6.730879540555179119e-04
4.977852222509682178e-04
9.613164002075791359e-04
7.126093260012567043e-04
1.757996971718966961e-03
4.935645847581326962e-04
5.276355077512562275e-04
7.541796658188104630e-04
3.855778777506202459e-04
2.056481083855032921e-03
6.808895850554108620e-04
1.039798138663172722e-03
4.801061877515166998e-04
8.809537976048886776e-04
5.538341938517987728e-04
9.847697019577026367e-01
6.854123203083872795e-04
3.403890877962112427e-04
7.722560549154877663e-04
