5.464833229780197144e-04
4.368647350929677486e-04
4.720463475678116083e-04
8.996914839372038841e-04
7.381613831967115402e-04
1.522938837297260761e-03
5.951530765742063522e-04
3.300876705907285213e-04
3.924078773707151413e-04
2.375259064137935638e-04
1.193723268806934357e-02
6.561597110703587532e-04
9.772543907165527344e-01
3.386964090168476105e-04
4.839443718083202839e-04
3.442690067458897829e-04
1.197278150357306004e-03
6.677582277916371822e-04
4.185739962849766016e-04
5.303744692355394363e-04
