3.255737712606787682e-03
1.868391875177621841e-03
1.300264848396182060e-03
2.139247721061110497e-03
1.561886980198323727e-03
5.871928296983242035e-03
1.127852709032595158e-03
1.832587877288460732e-03
3.124407259747385979e-03
9.507022914476692677e-04
1.047451980412006378e-02
1.387892523780465126e-03
6.369472946971654892e-03
1.245418214239180088e-03
1.739924191497266293e-03
1.025288365781307220e-03
8.474721908569335938e-01
2.140397438779473305e-03
1.029839292168617249e-01
2.127822721377015114e-03
