1.659236440900713205e-04
9.004738240037113428e-05
6.767502782167866826e-05
1.305866753682494164e-04
5.497629535966552794e-05
4.423782520461827517e-04
6.299420783761888742e-05
6.779852992622181773e-05
1.425605296390131116e-04
3.961758193327113986e-05
1.548744551837444305e-02
1.377566659357398748e-04
2.707620733417570591e-04
8.619260188424959779e-05
1.944745163200423121e-04
4.879262996837496758e-05
9.822199344635009766e-01
1.115327759180217981e-04
6.519761518575251102e-05
1.133098121499642730e-04
