9.950459207175299525e-05
4.562091271509416401e-05
2.334302917006425560e-05
7.267911132657900453e-05
6.666668923571705818e-05
4.696005780715495348e-04
3.936051507480442524e-05
4.438477844814769924e-05
6.361259147524833679e-05
1.648609395488165319e-05
2.433701418340206146e-03
2.776834480755496770e-05
8.098629117012023926e-01
2.057972960756160319e-05
3.527402805048041046e-05
1.411976609233533964e-05
4.111046437174081802e-04
4.744955367641523480e-05
1.861606687307357788e-01
4.499448186834342778e-05
