1.269542262889444828e-04
9.307242726208642125e-05
9.873552335193380713e-05
1.982239773496985435e-04
1.585542340762913227e-04
4.394546558614820242e-04
1.596332876943051815e-04
6.907228816999122500e-05
9.074350964510813355e-05
4.654551594285294414e-05
1.013542897999286652e-02
1.443787623429670930e-04
9.871500730514526367e-01
7.628569437656551600e-05
1.112993486458435655e-04
6.515839049825444818e-05
2.836250350810587406e-04
1.459542108932510018e-04
2.951062342617660761e-04
1.117903811973519623e-04
