5.080267414450645447e-02
4.150863364338874817e-02
3.868031874299049377e-02
4.674601182341575623e-02
4.700875654816627502e-02
5.155094712972640991e-02
4.107828810811042786e-02
3.798073902726173401e-02
4.075456038117408752e-02
3.624742105603218079e-02
4.460371658205986023e-02
4.208019003272056580e-02
6.091552600264549255e-02
3.718005120754241943e-02
4.050484672188758850e-02
4.015363752841949463e-02
1.792888939380645752e-01
4.425155371427536011e-02
3.638552129268646240e-02
4.227774962782859802e-02
