1.243949867784976959e-03
1.000142889097332954e-03
8.535642409697175026e-04
1.316037843935191631e-03
1.519787241704761982e-03
3.529670648276805878e-03
8.525957236997783184e-04
8.123225998133420944e-04
9.983727941289544106e-04
5.116567481309175491e-04
4.174334462732076645e-03
9.945700876414775848e-04
9.501398205757141113e-01
6.699907244183123112e-04
1.047766418196260929e-03
6.672848830930888653e-04
1.363274734467267990e-02
1.247465726919472218e-03
1.373086124658584595e-02
1.057025627233088017e-03
