5.306439939886331558e-03
3.570156637579202652e-03
2.940270118415355682e-03
4.359121900051832199e-03
3.234392730519175529e-03
8.398658595979213715e-03
2.495668595656752586e-03
3.392741782590746880e-03
4.933685529977083206e-03
2.266431460157036781e-03
1.302400976419448853e-02
3.406225470826029778e-03
8.524326607584953308e-03
2.973451279103755951e-03
4.143431317061185837e-03
2.645197091624140739e-03
8.941361904144287109e-01
3.951230086386203766e-03
2.211907319724559784e-02
4.179309122264385223e-03
