9.742598049342632294e-04
7.466629031114280224e-04
6.300148670561611652e-04
1.311495667323470116e-03
1.139265135861933231e-03
2.283882116898894310e-03
8.556161774322390556e-04
6.529437378048896790e-04
6.282448885031044483e-04
4.636853700503706932e-04
4.683787003159523010e-03
8.018189691938459873e-04
9.752038717269897461e-01
5.482908454723656178e-04
7.213563658297061920e-04
5.506342859007418156e-04
1.690746750682592392e-03
9.109546081162989140e-04
4.430449567735195160e-03
7.719962159171700478e-04
