8.549250196665525436e-07
6.301315806922502816e-07
3.458349340235145064e-07
1.112250970436434727e-06
7.416286393890914042e-07
4.322757831687340513e-06
4.283466523702372797e-07
2.917871313456998905e-07
6.115686801422270946e-07
1.411113998983637430e-07
4.012442786915926263e-06
6.301616508608276490e-07
2.427718982289661653e-06
2.192592916117064306e-07
8.967445523921924178e-07
2.779301837563252775e-07
9.999808073043823242e-01
5.004986292078683618e-07
1.235125068888009991e-07
5.978034209874749649e-07
