2.256925472465809435e-05
1.476672241551568732e-05
8.945055924414191395e-06
2.312148535565938801e-05
1.459632676414912567e-05
6.376691453624516726e-05
9.198837688018102199e-06
9.579410289006773382e-06
1.652531682339031249e-05
5.775483714387519285e-06
1.156011567218229175e-04
1.498426627222215757e-05
1.914483618747908622e-05
8.377810445381328464e-06
2.189668521168641746e-05
9.627619874663650990e-06
9.995864033699035645e-01
1.300184339925181121e-05
4.892366177955409512e-06
1.723065724945627153e-05
