1.145918667316436768e-02
6.381537299603223801e-03
6.172454915940761566e-03
9.625336155295372009e-03
7.807046175003051758e-03
2.123287133872509003e-02
1.186468638479709625e-02
6.200807634741067886e-03
8.449890650808811188e-03
4.172536544501781464e-03
5.465205311775207520e-01
8.092531934380531311e-03
1.721733957529067993e-01
5.857415031641721725e-03
8.216075599193572998e-03
4.029781557619571686e-03
1.138930860906839371e-02
7.224315311759710312e-03
1.364848017692565918e-01
6.645577494055032730e-03
