6.956504657864570618e-04
4.340090963523834944e-04
3.989556862507015467e-04
7.738140993751585484e-04
6.515071145258843899e-04
1.935598324052989483e-03
6.175406160764396191e-04
3.693997277878224850e-04
5.314634763635694981e-04
2.481726405676454306e-04
3.789341822266578674e-02
4.808360245078802109e-04
9.366362690925598145e-01
3.921117458958178759e-04
5.994553794153034687e-04
2.659559831954538822e-04
2.180386800318956375e-03
5.036091897636651993e-04
1.397752389311790466e-02
4.143068508710712194e-04
