5.159995704889297485e-02
4.619146138429641724e-02
4.589523375034332275e-02
5.007879808545112610e-02
4.987929388880729675e-02
5.127625912427902222e-02
5.080978944897651672e-02
4.454927891492843628e-02
4.763399437069892883e-02
4.259862005710601807e-02
5.038557201623916626e-02
4.634287953376770020e-02
5.030689388513565063e-02
4.405596852302551270e-02
4.602155834436416626e-02
4.442268237471580505e-02
8.466383069753646851e-02
4.705165699124336243e-02
5.882557481527328491e-02
4.741073027253150940e-02
