1.213775854557752609e-02
1.028335746377706528e-02
8.660450577735900879e-03
1.211476977914571762e-02
1.557417027652263641e-02
2.613501437008380890e-02
8.862974122166633606e-03
7.850943133234977722e-03
1.116958260536193848e-02
6.915698759257793427e-03
2.138823270797729492e-02
1.077169831842184067e-02
1.947799772024154663e-01
8.035114966332912445e-03
1.292133610695600510e-02
8.326649665832519531e-03
5.711963772773742676e-01
1.080522313714027405e-02
3.102268092334270477e-02
1.104792580008506775e-02
