8.818013156997039914e-05
4.415594230522401631e-05
2.219131783931516111e-05
7.196395017672330141e-05
6.732765177730470896e-05
4.023733781650662422e-04
3.734903657459653914e-05
4.141003955737687647e-05
5.127227268530987203e-05
1.629842336114961654e-05
1.024078461341559887e-03
2.718830910453107208e-05
9.238160252571105957e-01
1.893374610517639667e-05
2.906721420004032552e-05
1.482063180446857587e-05
2.813911996781826019e-04
4.888522016699425876e-05
7.385215163230895996e-02
4.494481618166901171e-05
