1.397755462676286697e-02
1.141306199133396149e-02
9.283607825636863708e-03
1.380350440740585327e-02
1.404978986829519272e-02
2.349018678069114685e-02
1.128095015883445740e-02
8.969981223344802856e-03
1.279152743518352509e-02
7.210102397948503494e-03
1.342510897666215897e-02
9.936376474797725677e-03
2.144179865717887878e-02
7.600018754601478577e-03
1.113219931721687317e-02
9.545254521071910858e-03
7.609491348266601562e-01
1.219049282371997833e-02
1.454639341682195663e-02
1.296296250075101852e-02
