7.324154488742351532e-03
6.559962872415781021e-03
6.061231251806020737e-03
9.128040634095668793e-03
8.734755218029022217e-03
1.245452463626861572e-02
5.883274599909782410e-03
5.388690624386072159e-03
5.205555818974971771e-03
4.479444585740566254e-03
8.702515624463558197e-03
7.799199316650629044e-03
8.421589732170104980e-01
5.077020730823278427e-03
6.477918475866317749e-03
5.533393472433090210e-03
3.110701777040958405e-02
7.697081658989191055e-03
7.029565982520580292e-03
7.197824772447347641e-03
