2.216568216681480408e-03
1.191030372865498066e-03
1.191559131257236004e-03
1.638439949601888657e-03
1.346396398730576038e-03
3.475075121968984604e-03
2.619404811412096024e-03
9.483403991907835007e-04
1.692228019237518311e-03
6.572195561602711678e-04
9.535328745841979980e-01
2.164068398997187614e-03
9.125542826950550079e-03
1.376445521600544453e-03
1.774699194356799126e-03
6.610316340811550617e-04
1.084093935787677765e-02
1.298120943829417229e-03
1.126807299442589283e-03
1.123205060139298439e-03
