4.560916568152606487e-04
3.413449448999017477e-04
3.015947586391121149e-04
6.251769373193383217e-04
5.752592696808278561e-04
1.257230411283671856e-03
4.053275915794074535e-04
2.963848528452217579e-04
2.883278939407318830e-04
2.088629698846489191e-04
2.346176188439130783e-03
4.017489554826170206e-04
9.871635437011718750e-01
2.438548399368301034e-04
3.579699259717017412e-04
2.549391356296837330e-04
9.301984682679176331e-04
4.566905263345688581e-04
2.693636342883110046e-03
3.956631990149617195e-04
