6.761520126019604504e-06
3.406887799428659491e-06
2.155813263016170822e-06
7.148144050006521866e-06
6.482695425802376121e-06
3.684115654323250055e-05
3.720423819686402567e-06
3.090431391683523543e-06
3.333443146402714774e-06
1.376236696160049178e-06
1.017902977764606476e-04
2.852221314242342487e-06
9.971590042114257812e-01
1.634090835977985989e-06
3.200029141225968488e-06
1.613267386346706189e-06
2.433689041936304420e-05
4.095097665413049981e-06
2.623789943754673004e-03
3.280736564192920923e-06
