6.719034928437395138e-08
7.771786414423331735e-08
5.320895013483095681e-08
1.649916185897382093e-07
1.719971294278366258e-07
5.462034096126444638e-07
5.354215559805197699e-08
3.809060089565718954e-08
2.695258771723274549e-08
2.213231731218456844e-08
2.102887748378634569e-07
8.930542350071846158e-08
9.999974966049194336e-01
2.804518750565421215e-08
4.615974447119697288e-08
3.979833351763772953e-08
5.957798521194490604e-07
1.315835618242999772e-07
7.435265558797254926e-08
7.775285126854214468e-08
