8.752785106480587274e-06
9.810211849980987608e-06
6.631372798437951133e-06
1.614660868654027581e-05
1.671637255640234798e-05
4.237196844769641757e-05
7.074546374497003853e-06
6.174078862386522815e-06
4.675740001403028145e-06
3.873006335197715089e-06
1.545763916510622948e-05
1.018154853227315471e-05
9.997527003288269043e-01
4.663604613597271964e-06
6.880394721520133317e-06
5.853466518601635471e-06
3.910303712473250926e-05
1.346981116512324661e-05
1.983401853067334741e-05
9.561424121784511954e-06
