3.329568309709429741e-03
2.654779935255646706e-03
2.191862091422080994e-03
4.313549026846885681e-03
3.724825801327824593e-03
7.471526507288217545e-03
2.040283055976033211e-03
1.928404555656015873e-03
2.440819982439279556e-03
1.418430125340819359e-03
4.469771869480609894e-03
3.258222946897149086e-03
2.315023690462112427e-01
1.826941967010498047e-03
3.247693879529833794e-03
2.204372780397534370e-03
7.141371369361877441e-01
3.449351759627461433e-03
1.278365263715386391e-03
3.111748490482568741e-03
