1.585659570991992950e-02
1.218961551785469055e-02
1.031085569411516190e-02
1.663871668279170990e-02
1.583033613860607147e-02
2.289429120719432831e-02
1.395433954894542694e-02
1.148837804794311523e-02
1.184388995170593262e-02
8.756654337048530579e-03
4.278979077935218811e-02
1.224907580763101578e-02
6.578445434570312500e-01
1.038529630750417709e-02
1.063427329063415527e-02
9.186834096908569336e-03
1.877402327954769135e-02
1.400319393724203110e-02
7.157025486230850220e-02
1.279902644455432892e-02
