8.188026258721947670e-04
3.920524904970079660e-04
2.295349841006100178e-04
4.737180715892463923e-04
3.974899591412395239e-04
2.454852918162941933e-03
2.623402397148311138e-04
3.919601440429687500e-04
8.210068335756659508e-04
1.655820378800854087e-04
9.315580129623413086e-03
2.485032600816339254e-04
4.188648425042629242e-03
2.142788580385968089e-04
3.690491721499711275e-04
1.541223318781703711e-04
5.151720643043518066e-01
4.157199582550674677e-04
4.630562961101531982e-01
4.583461559377610683e-04
