4.117112606763839722e-03
2.315778518095612526e-03
1.495377393439412117e-03
2.611884614452719688e-03
2.210292266681790352e-03
9.054918773472309113e-03
2.088531618937849998e-03
2.406009938567876816e-03
3.714616410434246063e-03
1.171076321043074131e-03
3.899505361914634705e-02
1.519194105640053749e-03
9.794451296329498291e-03
1.205256907269358635e-03
2.044813940301537514e-03
9.766026632860302925e-04
6.628875434398651123e-02
2.016362966969609261e-03
8.437573909759521484e-01
2.216426189988851547e-03
