1.909521961351856589e-04
1.239414559677243233e-04
1.058418274624273181e-04
2.065229055006057024e-04
1.270644570467993617e-04
4.518763162195682526e-04
9.360902186017483473e-05
8.748633263166993856e-05
1.560602104291319847e-04
4.717617048299871385e-05
1.717567909508943558e-03
1.688172778813168406e-04
3.042874159291386604e-03
8.177379640983417630e-05
2.116102841682732105e-04
8.532193896826356649e-05
9.927968382835388184e-01
1.500736252637580037e-04
2.419435986666940153e-05
1.304897159570828080e-04
