9.526689973426982760e-05
6.799418042646721005e-05
4.675570380641147494e-05
1.004588048090226948e-04
8.594393148086965084e-05
2.606702037155628204e-04
4.612917109625414014e-05
4.202372292638756335e-05
7.375337008852511644e-05
2.852476427506189793e-05
8.254041313193738461e-05
6.409625348169356585e-05
4.544554685708135366e-04
3.544754508766345680e-05
9.602077625459060073e-05
4.768132930621504784e-05
9.981677532196044922e-01
7.242507854243740439e-05
5.582673475146293640e-05
7.618829840794205666e-05
