2.387509122490882874e-02
2.056817524135112762e-02
1.771096698939800262e-02
2.456350065767765045e-02
2.749146521091461182e-02
3.898361325263977051e-02
1.886220835149288177e-02
1.717532239854335785e-02
1.905100420117378235e-02
1.522948406636714935e-02
1.875018700957298279e-02
2.121268212795257568e-02
4.379284083843231201e-01
1.670770905911922455e-02
2.322281152009963989e-02
1.798022724688053131e-02
1.482346355915069580e-01
2.345350757241249084e-02
4.641485959291458130e-02
2.258415892720222473e-02
