1.875754492175474297e-06
2.164257466574781574e-06
1.610907816029794049e-06
3.919566097465576604e-06
4.217872628942131996e-06
1.177109061245573685e-05
1.495661535955150612e-06
1.097222366297501139e-06
9.102471381083887536e-07
6.781265824429283384e-07
3.668628551167785190e-06
2.580680529717938043e-06
9.999380111694335938e-01
8.185339765987009741e-07
1.433364104741485789e-06
1.250459945367765613e-06
1.584358506079297513e-05
3.529721197992330417e-06
1.145548026215692516e-06
2.140183823939878494e-06
