1.415691617876291275e-02
1.042846124619245529e-02
9.722072631120681763e-03
1.332370005548000336e-02
1.345668360590934753e-02
2.282517589628696442e-02
9.099127724766731262e-03
9.521814063191413879e-03
1.154651027172803879e-02
7.594352588057518005e-03
1.903002895414829254e-02
1.079874485731124878e-02
5.929629206657409668e-01
9.328024461865425110e-03
1.328495331108570099e-02
8.740679360926151276e-03
1.473104208707809448e-01
1.222657412290573120e-02
5.299502238631248474e-02
1.164782140403985977e-02
