2.225866337539628148e-04
1.783384941518306732e-04
1.844229554990306497e-04
3.387001634109765291e-04
3.176142345182597637e-04
5.903259734623134136e-04
2.453391789458692074e-04
1.309027429670095444e-04
1.633448264328762889e-04
9.939313167706131935e-05
3.494648262858390808e-03
2.497523382771760225e-04
9.918614625930786133e-01
1.427068636985495687e-04
1.878160692285746336e-04
1.409235410392284393e-04
7.088186102919280529e-04
2.588225761428475380e-04
2.823998511303216219e-04
2.016850630752742290e-04
