1.847742823883891106e-04
8.686475484864786267e-05
8.494580833939835429e-05
1.351199607597663999e-04
1.037780602928251028e-04
4.580106469802558422e-04
2.700527547858655453e-04
6.381726416293531656e-05
1.449947594664990902e-04
4.130593151785433292e-05
9.952932000160217285e-01
1.822590129449963570e-04
1.470128889195621014e-03
1.045199096552096307e-04
1.586942089488729835e-04
3.957126318709924817e-05
7.186625152826309204e-04
9.184350346913561225e-05
2.873161574825644493e-04
7.997587817953899503e-05
