2.263258211314678192e-03
1.782480394467711449e-03
1.253150752745568752e-03
2.482233569025993347e-03
2.225034404546022415e-03
4.576647188514471054e-03
1.520230434834957123e-03
1.209866255521774292e-03
1.704426947981119156e-03
9.755122591741383076e-04
1.737516839057207108e-03
1.625106669962406158e-03
3.554999595507979393e-03
1.054850174114108086e-03
1.966830110177397728e-03
1.373282750137150288e-03
9.641362428665161133e-01
1.804276136681437492e-03
7.749153883196413517e-04
1.979083754122257233e-03
