1.676659914664924145e-03
1.389153883792459965e-03
9.169036638922989368e-04
1.633213483728468418e-03
1.480403123423457146e-03
4.574794322252273560e-03
1.380357309244573116e-03
9.261860395781695843e-04
1.474974676966667175e-03
6.188807310536503792e-04
4.656475409865379333e-02
1.406237366609275341e-03
1.208720961585640907e-03
8.776712929829955101e-04
1.461776439100503922e-03
7.099296199157834053e-04
9.269707798957824707e-01
9.511660900898277760e-04
2.464792691171169281e-03
1.312744570896029472e-03
