4.478144273161888123e-02
3.586578741669654846e-02
3.167301788926124573e-02
3.909318894147872925e-02
3.901134431362152100e-02
5.250250175595283508e-02
3.583793342113494873e-02
3.623057529330253601e-02
4.035561904311180115e-02
2.957863174378871918e-02
4.921705648303031921e-02
3.351879119873046875e-02
9.555505961179733276e-02
2.992100641131401062e-02
3.490228205919265747e-02
2.954019419848918915e-02
6.524889171123504639e-02
3.835145011544227600e-02
2.016150355339050293e-01
3.720019385218620300e-02
