3.546906809788197279e-04
1.726454647723585367e-04
8.035315840970724821e-05
2.121470170095562935e-04
1.389831450069323182e-04
1.614194363355636597e-03
1.242013386217877269e-04
1.509390276623889804e-04
3.101087058894336224e-04
5.077959940535947680e-05
2.561068534851074219e-02
1.042675357894040644e-04
5.248008528724312782e-04
6.434711394831538200e-05
1.490498543716967106e-04
4.563285256153903902e-05
7.861930131912231445e-01
1.176955847768113017e-04
1.838089078664779663e-01
1.724154280964285135e-04
