4.935288056731224060e-02
4.023564979434013367e-02
4.055073112249374390e-02
4.811051860451698303e-02
4.804970324039459229e-02
5.146200209856033325e-02
4.544200003147125244e-02
3.925549983978271484e-02
4.192847013473510742e-02
3.588599339127540588e-02
7.139583677053451538e-02
4.365865141153335571e-02
1.155757233500480652e-01
4.006834328174591064e-02
4.216952249407768250e-02
3.801200166344642639e-02
4.455714300274848938e-02
4.457571357488632202e-02
7.758331298828125000e-02
4.213026165962219238e-02
