2.572541497647762299e-02
1.739747822284698486e-02
1.721850968897342682e-02
2.249555662274360657e-02
1.847480796277523041e-02
3.288913518190383911e-02
3.132116794586181641e-02
1.475359685719013214e-02
2.034429833292961121e-02
1.315660960972309113e-02
5.714884996414184570e-01
2.456059679388999939e-02
4.685687646269798279e-02
1.904314942657947540e-02
2.087657526135444641e-02
1.251196488738059998e-02
4.180740937590599060e-02
2.068022266030311584e-02
1.175089925527572632e-02
1.664725877344608307e-02
