7.284577004611492157e-03
3.831884125247597694e-03
3.388553624972701073e-03
4.946942441165447235e-03
4.216323141008615494e-03
1.351824123412370682e-02
4.484831821173429489e-03
3.603378310799598694e-03
7.223308552056550980e-03
2.273012418299913406e-03
5.825805068016052246e-01
4.266371484845876694e-03
1.647036969661712646e-01
4.030447918921709061e-03
6.075014825910329819e-03
2.042764332145452499e-03
6.141820922493934631e-02
4.188733175396919250e-03
1.116850525140762329e-01
4.238146822899580002e-03
