6.254437379539012909e-03
4.115799907594919205e-03
2.884780289605259895e-03
4.964306019246578217e-03
5.192230921238660812e-03
1.383260637521743774e-02
3.876264207065105438e-03
3.617523005232214928e-03
5.973429419100284576e-03
2.283379202708601952e-03
1.325254049152135849e-02
2.988811815157532692e-03
2.831762097775936127e-02
2.491729101166129112e-03
4.287788644433021545e-03
2.379101002588868141e-03
6.799978017807006836e-01
4.182051867246627808e-03
2.046063691377639771e-01
4.501464311033487320e-03
