2.196186035871505737e-02
1.543416734784841537e-02
1.317222882062196732e-02
1.835412718355655670e-02
1.672681793570518494e-02
3.169820085167884827e-02
1.560858078300952911e-02
1.622485928237438202e-02
2.014501951634883881e-02
1.192870456725358963e-02
7.789649814367294312e-02
1.383437309414148331e-02
2.045955359935760498e-01
1.394707057625055313e-02
1.760131865739822388e-02
1.117283664643764496e-02
5.306962132453918457e-02
1.546027604490518570e-02
3.958227634429931641e-01
1.534509286284446716e-02
