5.729865733883343637e-05
5.424679693533107638e-05
4.460606942302547395e-05
9.526139183435589075e-05
9.251278970623388886e-05
2.231275720987468958e-04
5.170315125724300742e-05
3.994444705313071609e-05
3.599534102249890566e-05
2.588568167993798852e-05
1.982264220714569092e-04
6.822929572081193328e-05
9.984071850776672363e-01
3.092587212449871004e-05
4.966883352608419955e-05
4.002872447017580271e-05
1.783058978617191315e-04
7.917974289739504457e-05
1.717713457765057683e-04
5.593926471192389727e-05
