5.273764691082760692e-05
3.712379475473426282e-05
2.202257564931642264e-05
5.690841862815432250e-05
4.877016181126236916e-05
1.507224951637908816e-04
2.676891563169192523e-05
2.151160333596635610e-05
3.660664151539094746e-05
1.496514960308559239e-05
7.671563071198761463e-05
3.239462239434942603e-05
5.492955096997320652e-05
1.818981945689301938e-05
4.791579704033210874e-05
2.441061951685696840e-05
9.991940855979919434e-01
3.191995710949413478e-05
1.086833162844413891e-05
4.040644489577971399e-05
