3.084563836455345154e-02
2.234341762959957123e-02
2.330746874213218689e-02
3.108280524611473083e-02
2.587546780705451965e-02
3.733880072832107544e-02
2.154507301747798920e-02
2.110889926552772522e-02
2.568959631025791168e-02
1.769886165857315063e-02
7.263885438442230225e-02
2.754295244812965393e-02
1.243699267506599426e-01
2.227690815925598145e-02
2.998054958879947662e-02
2.193935588002204895e-02
3.728652596473693848e-01
2.734581939876079559e-02
1.667520031332969666e-02
2.752909250557422638e-02
