4.060897976160049438e-02
3.494366630911827087e-02
3.201179951429367065e-02
4.122677072882652283e-02
4.116342961788177490e-02
5.123643577098846436e-02
3.388378396630287170e-02
3.033481538295745850e-02
3.640811517834663391e-02
2.905942313373088837e-02
4.041715338826179504e-02
3.580841049551963806e-02
1.339201033115386963e-01
3.211864456534385681e-02
3.638602793216705322e-02
3.294816985726356506e-02
2.053057104349136353e-01
3.980088979005813599e-02
3.478398919105529785e-02
3.763364627957344055e-02
