6.931804236955940723e-04
4.994286573491990566e-04
3.414972743485122919e-04
6.537335575558245182e-04
4.708509077318012714e-04
1.347249606624245644e-03
3.609694831538945436e-04
3.638563212007284164e-04
5.021635442972183228e-04
2.263885107822716236e-04
3.128841286525130272e-03
5.348795093595981598e-04
6.714354967698454857e-04
3.243639075662940741e-04
6.479027215391397476e-04
3.323127748444676399e-04
9.878202676773071289e-01
4.528420395217835903e-04
1.304233446717262268e-04
4.974872572347521782e-04
