5.716360101359896362e-05
3.817283140961080790e-05
2.581218723207712173e-05
6.264927651500329375e-05
4.360302045824937522e-05
1.438839826732873917e-04
2.945014603028539568e-05
2.537142063374631107e-05
4.305209949961863458e-05
1.734904253680724651e-05
8.554602391086518764e-05
3.832749644061550498e-05
5.093611980555579066e-05
2.199460868723690510e-05
5.917513044551014900e-05
2.745885467447806150e-05
9.991335272789001465e-01
3.681886300910264254e-05
1.467167294322280213e-05
4.509648715611547232e-05
