3.466407954692840576e-02
2.911771647632122040e-02
2.635089121758937836e-02
3.407015278935432434e-02
3.386273607611656189e-02
4.176732152700424194e-02
2.970677427947521210e-02
2.580813877284526825e-02
3.001346252858638763e-02
2.187331207096576691e-02
2.998529747128486633e-02
2.957804501056671143e-02
3.407031297683715820e-02
2.332743629813194275e-02
3.151652961969375610e-02
2.659188583493232727e-02
4.323781430721282959e-01
2.876672893762588501e-02
2.704238891601562500e-02
2.950864471495151520e-02
