1.500137441325932741e-04
1.257788389921188354e-04
1.026376266963779926e-04
2.145583421224728227e-04
2.457571681588888168e-04
4.905932000838220119e-04
1.170450486824847758e-04
9.509453229838982224e-05
8.783315570326521993e-05
6.897687126183882356e-05
3.360327973496168852e-04
1.419125037500634789e-04
9.962230920791625977e-01
7.727142656221985817e-05
1.196014854940585792e-04
9.049682557815685868e-05
4.856740706600248814e-04
1.673340593697503209e-04
5.216873832978308201e-04
1.387404190609231591e-04
