1.093887403840199113e-04
6.981364276725798845e-05
5.385978874983265996e-05
1.250172790605574846e-04
1.096072010113857687e-04
3.398318367544561625e-04
7.300877041416242719e-05
5.763968874816782773e-05
7.521965017076581717e-05
3.481238672975450754e-05
2.258765278384089470e-03
6.580054468940943480e-05
9.931807518005371094e-01
4.844420982408337295e-05
7.248117617564275861e-05
3.814167939708568156e-05
4.681520222220569849e-04
7.496720354538410902e-05
2.678805729374289513e-03
6.561762711498886347e-05
