2.837631851434707642e-03
2.110884524881839752e-03
1.689244061708450317e-03
2.817491069436073303e-03
2.417782321572303772e-03
4.881307482719421387e-03
1.830829889513552189e-03
1.601461786776781082e-03
2.376297023147344589e-03
1.309623476117849350e-03
2.857789630070328712e-03
2.081087790429592133e-03
3.723881440237164497e-03
1.571029890328645706e-03
2.804438583552837372e-03
1.821314450353384018e-03
9.549915790557861328e-01
2.263486851006746292e-03
1.548041240312159061e-03
2.464816439896821976e-03
