8.812606466790384729e-08
1.002521017312574259e-07
7.535751933573919814e-08
2.148241406985107460e-07
2.244255057348709670e-07
7.295461159628757741e-07
6.841412414360092953e-08
5.153050963713212695e-08
4.119363339327719586e-08
3.037613183209941781e-08
3.098471950124803698e-07
1.326792755662609125e-07
9.999960660934448242e-01
3.946078308558753633e-08
7.235115617731935345e-08
6.004967190165189095e-08
1.314813289354788139e-06
1.830115081702388125e-07
1.079980052054452244e-07
9.516422494471044047e-08
