1.140740513801574707e-02
6.980448495596647263e-03
7.357788737863302231e-03
8.782954886555671692e-03
6.849251221865415573e-03
1.513906661421060562e-02
1.111161429435014725e-02
6.103006657212972641e-03
9.995694272220134735e-03
4.882181528955698013e-03
7.536736130714416504e-01
1.024434622377157211e-02
5.617238581180572510e-02
8.562982082366943359e-03
1.137642003595829010e-02
4.939507227391004562e-03
3.746388107538223267e-02
8.823554962873458862e-03
1.210618671029806137e-02
8.027715608477592468e-03
