6.874642334878444672e-03
3.730539698153734207e-03
3.081616247072815895e-03
4.572811070829629898e-03
3.725997870787978172e-03
1.193304825574159622e-02
6.334357894957065582e-03
3.302017226815223694e-03
5.647860467433929443e-03
2.199976472184062004e-03
8.288977742195129395e-01
4.926292225718498230e-03
2.926551923155784607e-02
3.585247788578271866e-03
5.317714996635913849e-03
1.980017870664596558e-03
8.522246032953262329e-03
3.720277454704046249e-03
5.890618264675140381e-02
3.475794568657875061e-03
