8.756214752793312073e-03
6.237104535102844238e-03
4.928780253976583481e-03
7.314211688935756683e-03
6.585295312106609344e-03
1.610698737204074860e-02
6.079205777496099472e-03
5.221887491643428802e-03
7.100069429725408554e-03
3.585308790206909180e-03
6.166847795248031616e-02
6.547290831804275513e-03
1.171529013663530350e-02
4.536677151918411255e-03
7.547325454652309418e-03
4.068751819431781769e-03
7.968881726264953613e-01
5.374507978558540344e-03
2.349302172660827637e-02
6.245452445000410080e-03
