2.390330482739955187e-04
9.682966629043221474e-05
5.062276977696456015e-05
1.004983205348253250e-04
8.551563223591074347e-05
4.640294937416911125e-04
7.001609628787264228e-05
1.233291404787451029e-04
2.186037163482978940e-04
4.480461575440131128e-05
2.389957895502448082e-03
4.862010973738506436e-05
1.738001010380685329e-03
4.846877345698885620e-05
6.976907025091350079e-05
3.086600190727040172e-05
1.399446860887110233e-03
9.212231816491112113e-05
9.925968647003173828e-01
9.260457591153681278e-05
