6.475856650922651170e-08
6.824686238360300194e-08
5.428249494343617698e-08
2.013028819192186347e-07
1.736774919436356868e-07
6.829019412180059589e-07
6.986368106254303711e-08
4.043345569471057388e-08
2.932479326034354017e-08
2.188464165442383091e-08
7.092264127095404547e-07
1.016646322682390746e-07
9.999971389770507812e-01
2.831353818066872918e-08
4.776144990614739072e-08
4.209758586171119532e-08
2.493967770078597823e-07
1.398520765860666870e-07
1.175743591375066899e-07
8.304544252268897253e-08
