4.738870076835155487e-03
3.906871192157268524e-03
3.064562100917100906e-03
4.569220822304487228e-03
4.299720749258995056e-03
8.905025199055671692e-03
4.122159909456968307e-03
2.800079993903636932e-03
3.960206639021635056e-03
1.999554922804236412e-03
2.458841726183891296e-02
4.160191398113965988e-03
4.727806430310010910e-03
2.435758011415600777e-03
4.322038963437080383e-03
2.459240145981311798e-03
9.054782986640930176e-01
3.001490375027060509e-03
2.985560335218906403e-03
3.474960802122950554e-03
