8.760623633861541748e-03
6.628720089793205261e-03
5.687285680323839188e-03
8.243059739470481873e-03
8.167135529220104218e-03
1.498030871152877808e-02
4.964921157807111740e-03
6.091972813010215759e-03
7.352903485298156738e-03
4.182093311101198196e-03
1.012194063514471054e-02
6.061872001737356186e-03
6.893725395202636719e-01
5.348868668079376221e-03
6.674167234450578690e-03
5.175007507205009460e-03
1.438931226730346680e-01
7.890447042882442474e-03
4.363788291811943054e-02
6.765035446733236313e-03
