6.248182035051286221e-04
5.684833740815520287e-04
4.745371988974511623e-04
9.301812388002872467e-04
8.912103367038071156e-04
1.701147179119288921e-03
5.504845757968723774e-04
4.061119398102164268e-04
3.708416479639708996e-04
3.122912894468754530e-04
1.302314223721623421e-03
6.100119790062308311e-04
9.866752028465270996e-01
3.518286393955349922e-04
4.714151436928659678e-04
4.080806975252926350e-04
1.289811450988054276e-03
7.073517772369086742e-04
7.543896790593862534e-04
5.995660903863608837e-04
