3.696827334351837635e-04
2.746213867794722319e-04
2.033589553320780396e-04
3.758752136491239071e-04
2.888869494199752808e-04
9.713044855743646622e-04
2.134692476829513907e-04
2.077554527204483747e-04
3.374645602889358997e-04
1.286093902308493853e-04
1.502444501966238022e-03
2.256063307868316770e-04
3.409640048630535603e-04
1.538971118861809373e-04
2.796743356157094240e-04
1.645645243115723133e-04
9.925965070724487305e-01
2.479417598806321621e-04
8.157392148859798908e-04
3.015936235897243023e-04
