2.416643872857093811e-02
1.753176376223564148e-02
1.447906717658042908e-02
1.994372718036174774e-02
1.953852176666259766e-02
3.582332283258438110e-02
1.774047873914241791e-02
1.545963250100612640e-02
2.041303366422653198e-02
1.124777179211378098e-02
7.303460687398910522e-02
1.785431429743766785e-02
5.439081788063049316e-02
1.297435443848371506e-02
2.015314623713493347e-02
1.247838884592056274e-02
4.803634881973266602e-01
1.544530596584081650e-02
9.914397448301315308e-02
1.781778782606124878e-02
