1.458937535062432289e-03
7.612362969666719437e-04
7.027794490568339825e-04
1.148808514699339867e-03
8.562487782910466194e-04
2.571148332208395004e-03
2.027059905230998993e-03
6.046844646334648132e-04
1.135553815402090549e-03
4.210319602862000465e-04
9.516471624374389648e-01
1.167240203358232975e-03
2.346619591116905212e-02
8.921317639760673046e-04
1.122943591326475143e-03
4.064657259732484818e-04
1.623953692615032196e-03
8.683883934281766415e-04
6.376365199685096741e-03
7.416504085995256901e-04
