1.181936636567115784e-02
7.829692214727401733e-03
7.184446789324283600e-03
9.909790940582752228e-03
7.312033791095018387e-03
1.965439133346080780e-02
7.567171473056077957e-03
6.828426849097013474e-03
1.109082065522670746e-02
4.866295494139194489e-03
2.491814792156219482e-01
1.004921924322843552e-02
1.855362020432949066e-02
7.918497547507286072e-03
1.100175920873880386e-02
5.599047522991895676e-03
5.688302516937255859e-01
8.377757854759693146e-03
1.736509054899215698e-02
9.060796350240707397e-03
