1.339128799736499786e-02
1.096702925860881805e-02
8.711073547601699829e-03
1.363669335842132568e-02
1.331166177988052368e-02
2.160416357219219208e-02
9.844699874520301819e-03
8.150016888976097107e-03
1.162368431687355042e-02
7.416138891130685806e-03
1.241239532828330994e-02
1.063130795955657959e-02
2.305468358099460602e-02
8.150315843522548676e-03
1.216962654143571854e-02
9.556449949741363525e-03
7.729840278625488281e-01
1.203185506165027618e-02
7.997717708349227905e-03
1.235528197139501572e-02
