2.898825518786907196e-02
1.865756139159202576e-02
1.921572908759117126e-02
2.430729754269123077e-02
1.817004568874835968e-02
3.640459477901458740e-02
2.165012806653976440e-02
1.644423231482505798e-02
2.341418713331222534e-02
1.419646665453910828e-02
2.823507785797119141e-01
2.504752390086650848e-02
6.447225064039230347e-02
2.083234302699565887e-02
2.693228423595428467e-02
1.580149866640567780e-02
2.836603224277496338e-01
2.441252581775188446e-02
1.320873852819204330e-02
2.183325961232185364e-02
