1.747282408177852631e-02
1.446810550987720490e-02
1.580484025180339813e-02
2.319464273750782013e-02
2.066927962005138397e-02
2.417123690247535706e-02
1.964488439261913300e-02
1.353786140680313110e-02
1.321535278111696243e-02
1.213013473898172379e-02
5.151388794183731079e-02
1.831532455980777740e-02
6.418718695640563965e-01
1.493681687861680984e-02
1.365422271192073822e-02
1.371975243091583252e-02
1.897968165576457977e-02
2.135987207293510437e-02
1.363956462591886520e-02
1.769984699785709381e-02
