9.500417036178987473e-06
6.345757356029935181e-06
4.237179382471367717e-06
1.002115641313139349e-05
7.553048362751724198e-06
3.640020804596133530e-05
4.182605607638834044e-06
3.975798790634144098e-06
8.534509106539189816e-06
2.326197545698960312e-06
2.368554851273074746e-05
5.444554517453070730e-06
1.595279172761365771e-05
3.160820824632537551e-06
8.827242709230631590e-06
3.841983470920240507e-06
9.998224377632141113e-01
6.484036930487491190e-06
8.952340976975392550e-06
8.059370884438976645e-06
