3.793760843109339476e-04
4.216924426145851612e-04
2.858514781109988689e-04
5.711882258765399456e-04
7.020022021606564522e-04
1.373485894873738289e-03
3.326656878925859928e-04
2.730559790506958961e-04
2.181372838094830513e-04
1.957196654984727502e-04
3.491296956781297922e-04
4.654891963582485914e-04
9.914013743400573730e-01
1.976695784833282232e-04
2.921837731264531612e-04
2.922562125604599714e-04
7.806919165886938572e-04
5.580616998486220837e-04
4.693389637395739555e-04
4.407013766467571259e-04
