1.326867006719112396e-02
8.301025256514549255e-03
6.223374046385288239e-03
9.193756617605686188e-03
9.028543718159198761e-03
2.322668023407459259e-02
1.004249788820743561e-02
8.079873397946357727e-03
1.143933273851871490e-02
5.244930740445852280e-03
2.291437834501266479e-01
8.060982450842857361e-03
3.856717422604560852e-02
6.416012998670339584e-03
8.981841616332530975e-03
4.651785828173160553e-03
6.233321875333786011e-02
6.858611479401588440e-03
5.230660438537597656e-01
7.871772162616252899e-03
