4.180109128355979919e-03
3.433414502069354057e-03
2.610226161777973175e-03
4.327997565269470215e-03
4.536628723144531250e-03
7.968993857502937317e-03
3.239161102101206779e-03
2.433447167277336121e-03
3.443018533289432526e-03
2.016303362324833870e-03
5.849869456142187119e-03
3.158470382913947105e-03
4.148732870817184448e-03
2.118718810379505157e-03
4.123855382204055786e-03
2.530953148379921913e-03
9.302642941474914551e-01
3.038076683878898621e-03
3.031889675185084343e-03
3.545887535437941551e-03
