2.000396852963604033e-05
9.664093340688850731e-06
4.904436536889988929e-06
1.513585903012426570e-05
1.575437454448547214e-05
1.149700547102838755e-04
6.817277153459144756e-06
9.415633940079715103e-06
1.301743668591370806e-05
3.011691205756505951e-06
3.432451921980828047e-04
5.697444521501893178e-06
9.116104245185852051e-01
3.909718088834779337e-06
8.050085853028576821e-06
2.891099256885354407e-06
2.872277400456368923e-04
1.029824943543644622e-05
8.750654011964797974e-02
8.974544471129775047e-06
