9.335240349173545837e-03
6.842145696282386780e-03
6.033170502632856369e-03
8.776490576565265656e-03
6.630269344896078110e-03
1.268829498440027237e-02
5.868379026651382446e-03
5.829047411680221558e-03
7.698042318224906921e-03
4.673460032790899277e-03
1.143917255103588104e-02
7.170045748353004456e-03
9.884289465844631195e-03
5.658452399075031281e-03
9.013443253934383392e-03
6.003130692988634109e-03
8.567548990249633789e-01
7.181117776781320572e-03
4.787071608006954193e-03
7.733796723186969757e-03
