2.632118594192434102e-05
1.974366568902041763e-05
1.432799035683274269e-05
3.497875150060281157e-05
3.676562846521846950e-05
1.169570969068445265e-04
1.755071934894658625e-05
1.609959508641622961e-05
1.612547021068166941e-05
9.153373866865877062e-06
1.058626512531191111e-04
1.908061676658689976e-05
9.983276724815368652e-01
1.049904039973625913e-05
1.942772905749734491e-05
1.203883857670007274e-05
1.437499740859493613e-04
2.550005592638626695e-05
1.008825725875794888e-03
1.931754195538815111e-05
