2.230434212833642960e-03
2.251334954053163528e-03
1.772331772372126579e-03
3.264248371124267578e-03
3.380045527592301369e-03
6.695606280118227005e-03
1.589025254361331463e-03
1.351430430077016354e-03
1.523378770798444748e-03
1.000467338599264622e-03
1.842699595727026463e-03
2.415848197415471077e-03
8.317767381668090820e-01
1.102894311770796776e-03
2.093447837978601456e-03
1.591303851455450058e-03
1.277183294296264648e-01
2.799851121380925179e-03
1.518959994427859783e-03
2.081650076434016228e-03
