4.041507467627525330e-02
3.073782660067081451e-02
3.013285435736179352e-02
3.622644022107124329e-02
3.205534070730209351e-02
4.914728179574012756e-02
4.273916035890579224e-02
2.679771929979324341e-02
3.234868124127388000e-02
2.341249957680702209e-02
2.931708097457885742e-01
3.893717005848884583e-02
4.791111871600151062e-02
3.081148304045200348e-02
3.690776228904724121e-02
2.407713793218135834e-02
1.009741872549057007e-01
3.355840593576431274e-02
1.949515566229820251e-02
3.014393337070941925e-02
