2.064715325832366943e-02
1.325694937258958817e-02
1.047164388000965118e-02
1.332918740808963776e-02
1.385284308344125748e-02
2.660855278372764587e-02
1.102482900023460388e-02
1.413494627922773361e-02
2.003076300024986267e-02
8.765232749283313751e-03
2.799065969884395599e-02
9.824191220104694366e-03
4.846915602684020996e-02
9.261463768780231476e-03
1.061073224991559982e-02
8.492599241435527802e-03
1.108775734901428223e-01
1.471337210386991501e-02
5.939967036247253418e-01
1.364142447710037231e-02
