1.850644766818732023e-04
1.600065297679975629e-04
1.510774891357868910e-04
3.195502795279026031e-04
2.990067878272384405e-04
7.728550117462873459e-04
2.047539601335301995e-04
1.146705035353079438e-04
1.155823265435174108e-04
7.778472354402765632e-05
1.639098278246819973e-03
2.125182945746928453e-04
9.943810105323791504e-01
9.453196253161877394e-05
1.570230961078777909e-04
1.148842711700126529e-04
2.662024926394224167e-04
2.346839610254392028e-04
3.096897853538393974e-04
1.901282812468707561e-04
