1.940331130754202604e-04
1.339028240181505680e-04
1.008448525681160390e-04
1.903572992887347937e-04
1.391990808770060539e-04
4.632843774743378162e-04
9.122353367274627090e-05
9.898802818497642875e-05
1.741075684549286962e-04
6.606789975194260478e-05
4.183635755907744169e-04
1.202757412102073431e-04
2.610375813674181700e-04
8.562256698496639729e-05
1.673491642577573657e-04
1.034090455505065620e-04
9.967521429061889648e-01
1.491897710366174579e-04
1.215305674122646451e-04
1.691115612629801035e-04
