6.178229581564664841e-03
5.565950646996498108e-03
3.947166260331869125e-03
7.544036954641342163e-03
7.106218021363019943e-03
1.272588968276977539e-02
4.985338542610406876e-03
3.756639081984758377e-03
5.014415364712476730e-03
3.175037680193781853e-03
6.425956729799509048e-03
4.761579912155866623e-03
8.892633952200412750e-03
3.314357716590166092e-03
5.182416643947362900e-03
4.196934867650270462e-03
8.938595056533813477e-01
5.476571153849363327e-03
2.070062560960650444e-03
5.821021739393472672e-03
