2.543466864153742790e-03
2.200596267357468605e-03
1.698036328889429569e-03
2.947594737634062767e-03
2.835909835994243622e-03
6.561983842402696609e-03
1.521311118267476559e-03
1.427188399247825146e-03
1.963499933481216431e-03
1.044809701852500439e-03
1.795687363483011723e-03
2.235545776784420013e-03
8.473341166973114014e-02
1.272226683795452118e-03
2.977686235681176186e-03
1.662892173044383526e-03
8.734255433082580566e-01
2.534756902605295181e-03
2.317621372640132904e-03
2.300213091075420380e-03
