1.703928865026682615e-05
5.513844826054992154e-06
2.599944991743541323e-06
8.425011401413939893e-06
6.552175364049617201e-06
1.032750733429566026e-04
5.815245003759628162e-06
5.961126134934602305e-06
1.312687072640983388e-05
1.775184159669151995e-06
4.656770732253789902e-03
2.992341478602611460e-06
2.520878799259662628e-02
2.603309440019074827e-06
5.828953817399451509e-06
1.154245751422422472e-06
1.003527358989231288e-04
4.876826551480917260e-06
9.698410034179687500e-01
5.556476025958545506e-06
