3.226908296346664429e-02
2.478716336190700531e-02
2.575383335351943970e-02
3.245992213487625122e-02
3.257441520690917969e-02
4.305350780487060547e-02
4.008240625262260437e-02
2.197702787816524506e-02
2.850052341818809509e-02
1.953603886067867279e-02
2.740262150764465332e-01
3.114299476146697998e-02
1.738031357526779175e-01
2.645495347678661346e-02
2.932699769735336304e-02
2.077656239271163940e-02
3.325446322560310364e-02
3.030740097165107727e-02
5.145601555705070496e-02
2.845734357833862305e-02
