3.050452657043933868e-02
2.604387700557708740e-02
2.380460128188133240e-02
3.100036643445491791e-02
2.890404686331748962e-02
3.955194354057312012e-02
2.608470991253852844e-02
2.290369383990764618e-02
2.753841318190097809e-02
2.034794352948665619e-02
3.251212462782859802e-02
2.621486969292163849e-02
2.927858754992485046e-02
2.208397723734378815e-02
2.878026291728019714e-02
2.363180555403232574e-02
4.793774485588073730e-01
2.644543163478374481e-02
2.664031088352203369e-02
2.835100702941417694e-02
