3.466112911701202393e-02
2.938169799745082855e-02
2.562914043664932251e-02
3.304367139935493469e-02
3.315735980868339539e-02
4.510940238833427429e-02
2.726249583065509796e-02
2.516854368150234222e-02
3.217487782239913940e-02
2.197177708148956299e-02
3.980789333581924438e-02
2.582902833819389343e-02
3.676977381110191345e-02
2.301310747861862183e-02
2.888459153473377228e-02
2.603593096137046814e-02
4.006169140338897705e-01
3.185805305838584900e-02
4.758208617568016052e-02
3.204253688454627991e-02
