3.084666840732097626e-02
2.330474182963371277e-02
2.072834596037864685e-02
2.728286944329738617e-02
2.964280359447002411e-02
4.552433639764785767e-02
2.580777183175086975e-02
2.168638259172439575e-02
2.436890453100204468e-02
1.722128503024578094e-02
4.949254915118217468e-02
2.232915349304676056e-02
2.517462074756622314e-01
1.669211126863956451e-02
2.454331517219543457e-02
1.913946494460105896e-02
9.970208257436752319e-02
2.308321744203567505e-02
2.034779191017150879e-01
2.337983995676040649e-02
