5.034058354794979095e-03
4.226423334330320358e-03
3.520765108987689018e-03
5.538726691156625748e-03
6.249081809073686600e-03
1.192195806652307510e-02
3.270410001277923584e-03
2.818164881318807602e-03
3.749107476323843002e-03
2.147833118215203285e-03
3.314351662993431091e-03
4.177157767117023468e-03
1.862424165010452271e-01
2.473107539117336273e-03
5.149873439222574234e-03
3.272288246080279350e-03
7.328526377677917480e-01
4.534350708127021790e-03
5.371498409658670425e-03
4.135824274271726608e-03
