2.562733599916100502e-03
1.836155075579881668e-03
1.711865887045860291e-03
2.841909416019916534e-03
2.783224685117602348e-03
5.405895411968231201e-03
2.115280833095312119e-03
1.649029669351875782e-03
2.228085650131106377e-03
1.166981412097811699e-03
3.262827172875404358e-02
2.010338939726352692e-03
9.004500508308410645e-01
1.630825339816510677e-03
2.073345007374882698e-03
1.252393820323050022e-03
9.647285565733909607e-03
2.034740522503852844e-03
2.202679216861724854e-02
1.944618532434105873e-03
