4.172050976194441319e-04
1.890277198981493711e-04
1.054616150213405490e-04
2.279711916344240308e-04
2.107811742462217808e-04
1.061124377883970737e-03
1.413127320120111108e-04
2.160677831852808595e-04
3.862901357933878899e-04
8.819349750410765409e-05
1.011013798415660858e-02
1.142757100751623511e-04
7.254295051097869873e-02
1.123628171626478434e-04
1.822310732677578926e-04
6.706375279463827610e-05
3.854889888316392899e-03
1.640828122617676854e-04
9.096408486366271973e-01
1.675793755566701293e-04
