5.234237221429793863e-08
3.854739460962264275e-08
3.311048146770190215e-08
1.350291114476931398e-07
1.105118272448635253e-07
3.868245244120771531e-07
5.522775481381358986e-08
2.587219150029795856e-08
2.248522257275453740e-08
1.388318970896307292e-08
2.853806790881208144e-06
5.943863001789395639e-08
9.999955892562866211e-01
2.232220275288909761e-08
3.133480319661430258e-08
2.089048578568508674e-08
1.529460433857821045e-07
7.606333696230649366e-08
2.164738077681249706e-07
4.839779421672574244e-08
