1.382540517624875065e-06
1.188952296615752857e-06
1.066453137354983483e-06
3.066315002797637135e-06
2.713618869165657088e-06
7.674810149183031172e-06
1.334535681962734088e-06
7.696854140704090241e-07
7.077749728523485828e-07
4.792083245774847455e-07
2.028314156632404774e-05
1.692035198175290134e-06
9.999436140060424805e-01
6.574213671228790190e-07
1.095706011255970225e-06
7.936491783766541630e-07
5.365556262404425070e-06
2.018618260990479030e-06
2.645966560521628708e-06
1.358099439130455721e-06
