2.194745466113090515e-02
1.922903954982757568e-02
1.535784360021352768e-02
2.373876981437206268e-02
2.351137064397335052e-02
3.545936197042465210e-02
1.983492262661457062e-02
1.613584347069263458e-02
1.633115112781524658e-02
1.342354156076908112e-02
2.688365988433361053e-02
1.865389011800289154e-02
5.888553261756896973e-01
1.414787024259567261e-02
1.640461385250091553e-02
1.389117166399955750e-02
3.223855793476104736e-02
2.221247740089893341e-02
4.064270853996276855e-02
2.110044285655021667e-02
