1.371908583678305149e-04
1.000650372589007020e-04
6.066259811632335186e-05
1.147414222941733897e-04
9.224456152878701687e-05
4.027317045256495476e-04
8.823670941637828946e-05
6.140061304904520512e-05
9.880967991193756461e-05
3.279703378211706877e-05
6.296570878475904465e-03
1.137380386353470385e-04
7.707416807534173131e-05
5.198509097681380808e-05
1.180557446787133813e-04
4.360279854154214263e-05
9.919207096099853516e-01
6.135162402642890811e-05
4.433470530784688890e-05
8.364757377421483397e-05
