1.340991631150245667e-02
8.366272784769535065e-03
8.963137865066528320e-03
1.185723207890987396e-02
9.706619195640087128e-03
1.859919168055057526e-02
1.783181540668010712e-02
7.297908887267112732e-03
1.162394601851701736e-02
6.087001878768205643e-03
7.466608285903930664e-01
1.256692968308925629e-02
5.265884101390838623e-02
9.387427009642124176e-03
1.114975940436124802e-02
6.097418721765279770e-03
1.593436114490032196e-02
1.015657093375921249e-02
1.327422168105840683e-02
8.370669558644294739e-03
