1.248762564500793815e-04
1.331003441009670496e-04
9.496942220721393824e-05
2.021480759140104055e-04
1.943151000887155533e-04
4.389760724734514952e-04
9.638506890041753650e-05
8.465287100989371538e-05
7.550394366262480617e-05
6.067334470571950078e-05
1.307983184233307838e-04
1.421409251634031534e-04
9.957771301269531250e-01
7.537710189353674650e-05
1.236332318512722850e-04
9.181693894788622856e-05
1.565506332553923130e-03
1.861588098108768463e-04
2.763919474091380835e-04
1.253632217412814498e-04
