1.529445778578519821e-02
1.330222189426422119e-02
1.054013706743717194e-02
1.521783880889415741e-02
1.691722497344017029e-02
2.451414614915847778e-02
1.470805983990430832e-02
1.048483047634363174e-02
1.288842223584651947e-02
8.148441091179847717e-03
3.959133476018905640e-02
1.373202260583639145e-02
1.810310408473014832e-02
9.608661755919456482e-03
1.317324116826057434e-02
1.036824379116296768e-02
7.195646166801452637e-01
1.128041185438632965e-02
1.040588133037090302e-02
1.215678267180919647e-02
