1.222979370504617691e-02
6.552969105541706085e-03
5.261716432869434357e-03
7.304009515792131424e-03
5.456515122205018997e-03
1.921321265399456024e-02
6.486044265329837799e-03
6.138562224805355072e-03
1.092225033789873123e-02
3.904200624674558640e-03
5.737993717193603516e-01
8.111871778964996338e-03
2.470877580344676971e-02
6.339382380247116089e-03
9.623448364436626434e-03
3.789620939642190933e-03
1.937643736600875854e-01
7.192235905677080154e-03
8.223773539066314697e-02
6.963920779526233673e-03
