3.679925110191106796e-03
3.599466988816857338e-03
2.819256158545613289e-03
4.467004910111427307e-03
5.635813344269990921e-03
9.541395120322704315e-03
2.957415999844670296e-03
2.508137840777635574e-03
2.667626133188605309e-03
2.051084535196423531e-03
3.420217195525765419e-03
3.917608875781297684e-03
8.884119987487792969e-01
2.269120654091238976e-03
3.644703654572367668e-03
2.869799965992569923e-03
4.164832085371017456e-02
4.551721271127462387e-03
5.712179467082023621e-03
3.627227386459708214e-03
