1.621192554011940956e-03
9.517683647572994232e-04
8.161168079823255539e-04
1.312784035690128803e-03
8.321251370944082737e-04
2.799174981191754341e-03
9.011686197482049465e-04
7.841432816348969936e-04
1.275349059142172337e-03
5.028908490203320980e-04
2.208346687257289886e-02
1.326284138485789299e-03
4.434996750205755234e-03
8.698410238139331341e-04
1.543811406008899212e-03
6.974421557970345020e-04
9.545927643775939941e-01
1.136812497861683369e-03
4.373468691483139992e-04
1.080501358956098557e-03
