3.457492539382656105e-06
2.128819915014901198e-06
1.320737055721110664e-06
3.579356643967912532e-06
2.035037823588936590e-06
1.187443103844998404e-05
1.173200985249422956e-06
1.388785335620923433e-06
2.670273261173861101e-06
7.545145308540668339e-07
2.137597221008036286e-05
2.079902742480044253e-06
3.681313728520763107e-06
1.156029384219436906e-06
3.304118536107125692e-06
1.305908995163918007e-06
9.999308586120605469e-01
2.037177637248532847e-06
1.035940840665716678e-06
2.739004230534192175e-06
