3.107422962784767151e-02
2.535473741590976715e-02
2.233911119401454926e-02
2.795665338635444641e-02
2.898639068007469177e-02
4.362156614661216736e-02
3.200678899884223938e-02
2.240563556551933289e-02
2.921417355537414551e-02
1.771613582968711853e-02
2.990048825740814209e-01
2.953899838030338287e-02
3.691553696990013123e-02
2.275756560266017914e-02
2.702951058745384216e-02
1.855406723916530609e-02
1.950571537017822266e-01
2.286749891936779022e-02
4.342899098992347717e-02
2.417046576738357544e-02
