1.543172728270292282e-02
1.005227770656347275e-02
1.061068568378686905e-02
1.420571096241474152e-02
1.186142768710851669e-02
2.177204936742782593e-02
1.825763657689094543e-02
9.288351982831954956e-03
1.365166530013084412e-02
7.608618121594190598e-03
6.604612469673156738e-01
1.475414261221885681e-02
8.874548971652984619e-02
1.160049531608819962e-02
1.308706402778625488e-02
7.838314399123191833e-03
2.520095743238925934e-02
1.153770554810762405e-02
2.420445345342159271e-02
9.830028750002384186e-03
