2.955954056233167648e-03
1.650931313633918762e-03
1.854845555499196053e-03
2.877765567973256111e-03
2.435105387121438980e-03
5.629500839859247208e-03
4.763387609273195267e-03
1.415038481354713440e-03
2.338218269869685173e-03
1.115810708142817020e-03
8.890866637229919434e-01
3.055094508454203606e-03
6.254918128252029419e-02
2.016066107898950577e-03
2.349230926483869553e-03
1.119320397265255451e-03
6.038565654307603836e-03
2.310685347765684128e-03
2.681326353922486305e-03
1.757366349920630455e-03
