2.154271677136421204e-02
1.785535179078578949e-02
1.381812710314989090e-02
2.306084148585796356e-02
2.056672796607017517e-02
3.583056852221488953e-02
1.474144496023654938e-02
1.349776051938533783e-02
1.605811528861522675e-02
1.175079774111509323e-02
1.741763763129711151e-02
1.726102642714977264e-02
1.001151651144027710e-01
1.296982169151306152e-02
1.701755449175834656e-02
1.511916797608137131e-02
5.815050601959228516e-01
2.103526517748832703e-02
8.986457251012325287e-03
1.985052041709423065e-02
