2.772909356281161308e-03
2.173718530684709549e-03
2.006429713219404221e-03
2.997886622324585915e-03
3.380690934136509895e-03
6.051123607903718948e-03
1.946225413121283054e-03
1.840782933868467808e-03
2.316508907824754715e-03
1.387534081004559994e-03
9.115629829466342926e-03
2.356407465413212776e-03
9.183534979820251465e-01
1.705111586488783360e-03
2.547303680330514908e-03
1.688819844275712967e-03
1.549677923321723938e-02
2.502102870494127274e-03
1.713402755558490753e-02
2.226467244327068329e-03
