8.137414624798111618e-06
5.659752787323668599e-06
3.464689825705136172e-06
9.385743396705947816e-06
6.362198746501235291e-06
2.805629628710448742e-05
3.852614099741913378e-06
3.574657512217527255e-06
6.320567081274930388e-06
2.048247552011162043e-06
3.476209167274646461e-05
4.990324214304564521e-06
5.089171281724702567e-06
2.601561163828591816e-06
7.573592483822721988e-06
3.566807890820200555e-06
9.998502731323242188e-01
4.742946202895836905e-06
2.804994210237055086e-06
6.779045634175417945e-06
