1.131382654421031475e-03
4.522547242231667042e-04
3.304244310129433870e-04
6.635318277403712273e-04
4.947551642544567585e-04
3.171948948875069618e-03
7.658476242795586586e-04
4.299423890188336372e-04
9.234357858076691628e-04
2.056995581369847059e-04
5.908600091934204102e-01
4.561657551676034927e-04
2.082916721701622009e-02
3.450317890383303165e-04
5.568594788201153278e-04
1.452420110581442714e-04
2.210868056863546371e-03
4.233070358168333769e-04
3.751732409000396729e-01
4.309277865104377270e-04
