5.054913708590902388e-05
2.547677286202087998e-05
1.701353357930202037e-05
5.328543920768424869e-05
4.665526648750528693e-05
2.309099800186231732e-04
3.428294076002202928e-05
2.360210237384308130e-05
3.026740341738332063e-05
1.198539939650800079e-05
2.289910335093736649e-03
2.171109917981084436e-05
9.832204580307006836e-01
1.703762973193079233e-05
2.695054172363597900e-05
1.182565119961509481e-05
1.323864125879481435e-04
3.039997864107135683e-05
1.370000094175338745e-02
2.526183379814028740e-05
