4.200372859486378729e-05
3.696919884532690048e-05
3.449633732088841498e-05
6.232115993043407798e-05
6.766033766325563192e-05
1.445485395379364491e-04
3.098761590081267059e-05
2.604243127279914916e-05
2.784767821140121669e-05
1.823535058065317571e-05
1.356872089672833681e-04
4.598421946866437793e-05
9.986170530319213867e-01
2.421352292003575712e-05
4.047753463964909315e-05
2.742370452324394137e-05
4.434610600583255291e-04
4.963263199897482991e-05
8.576174877816811204e-05
3.927147918147966266e-05
