2.441149699734523892e-04
1.809912646422162652e-04
1.237190008396282792e-04
2.763922384474426508e-04
1.965415431186556816e-04
5.523723666556179523e-04
1.333334803348407149e-04
1.140130043495446444e-04
1.820612815208733082e-04
8.136044198181480169e-05
2.112806250806897879e-04
1.713548263069242239e-04
5.038502276875078678e-04
9.962226613424718380e-05
2.507620083633810282e-04
1.268702617380768061e-04
9.960935711860656738e-01
1.871767599368467927e-04
6.162558565847575665e-05
2.089559711748734117e-04
