1.254160236567258835e-02
8.447975851595401764e-03
5.565645173192024231e-03
9.665061719715595245e-03
9.944774210453033447e-03
2.317122183740139008e-02
8.071347139775753021e-03
8.708192966878414154e-03
9.451652877032756805e-03
5.283969920128583908e-03
1.912681385874748230e-02
6.554528139531612396e-03
2.420719414949417114e-01
5.289598833769559860e-03
7.467299699783325195e-03
5.177799612283706665e-03
2.009769156575202942e-02
8.960985578596591949e-03
5.759662985801696777e-01
8.435631170868873596e-03
