1.519695040769875050e-03
9.664565441198647022e-04
6.087908986955881119e-04
1.298239920288324356e-03
1.307452912442386150e-03
3.613287815824151039e-03
7.287405896931886673e-04
9.031677618622779846e-04
9.845346212387084961e-04
5.050067557021975517e-04
2.528157783672213554e-03
6.698980578221380711e-04
8.797439336776733398e-01
5.374415195547044277e-04
7.466541719622910023e-04
4.934826283715665340e-04
5.575798451900482178e-03
1.038601738400757313e-03
9.528087824583053589e-02
9.498706203885376453e-04
