3.912005946040153503e-02
2.659645490348339081e-02
2.783831954002380371e-02
3.515144065022468567e-02
2.761275880038738251e-02
4.174026101827621460e-02
3.076092712581157684e-02
2.573609352111816406e-02
3.247109055519104004e-02
2.244977653026580811e-02
1.957972943782806396e-01
3.490648046135902405e-02
8.350802212953567505e-02
3.038164973258972168e-02
3.673570230603218079e-02
2.407200820744037628e-02
1.957636475563049316e-01
3.305423259735107422e-02
2.454041317105293274e-02
3.176337480545043945e-02
