2.196362183894962072e-04
1.827270752983167768e-04
1.764527114573866129e-04
3.407073090784251690e-04
3.274184127803891897e-04
5.856664502061903477e-04
1.943274546647444367e-04
1.414176367688924074e-04
1.398346066707745194e-04
1.083663300960324705e-04
8.986353059299290180e-04
2.193651307607069612e-04
9.946606755256652832e-01
1.307505299337208271e-04
1.797230070224031806e-04
1.417980674887076020e-04
5.612612585537135601e-04
2.509575861040502787e-04
3.342648269608616829e-04
2.060267433989793062e-04
