6.156106828711926937e-04
2.958606637548655272e-04
1.756376877892762423e-04
3.157880564685910940e-04
2.886250149458646774e-04
1.237672171555459499e-03
2.267646195832639933e-04
3.533816488925367594e-04
6.012267549522221088e-04
1.484737003920599818e-04
3.945875447243452072e-03
1.614363281987607479e-04
6.156570278108119965e-03
1.610314793651923537e-04
2.311286953045055270e-04
1.147905713878571987e-04
3.271083347499370575e-03
2.935142838396131992e-04
9.811080098152160645e-01
2.974540693685412407e-04
