1.333968684775754809e-04
1.302793971262872219e-04
1.139159867307171226e-04
2.102974831359460950e-04
2.146289625670760870e-04
3.610812418628484011e-04
1.134633203037083149e-04
9.761841647559776902e-05
8.446952415397390723e-05
7.100359653122723103e-05
2.510195481590926647e-04
1.578684168634936213e-04
9.966793060302734375e-01
8.728438842808827758e-05
1.139914020313881338e-04
9.853521623881533742e-05
5.748916883021593094e-04
1.803668856155127287e-04
1.916227192850783467e-04
1.350840320810675621e-04
