5.010802764445543289e-03
3.087868215516209602e-03
2.373378723859786987e-03
3.678991226479411125e-03
3.641326213255524635e-03
1.070938259363174438e-02
2.470277016982436180e-03
3.246141131967306137e-03
5.224614404141902924e-03
1.809517154470086098e-03
2.767880819737911224e-02
2.314546843990683556e-03
2.403590679168701172e-01
2.305784961208701134e-03
3.352846950292587280e-03
1.712723053060472012e-03
9.516140818595886230e-02
3.011302324011921883e-03
5.795355439186096191e-01
3.315608948469161987e-03
