1.999889733269810677e-03
1.183561864309012890e-03
1.074233441613614559e-03
1.973033649846911430e-03
1.955114072188735008e-03
4.013476427644491196e-03
1.323627773672342300e-03
1.118245883844792843e-03
1.354230567812919617e-03
7.614532369188964367e-04
1.157148554921150208e-02
1.172417076304554939e-03
9.315327405929565430e-01
9.358597453683614731e-04
1.287774532102048397e-03
8.078032406046986580e-04
4.861871711909770966e-03
1.356808934360742569e-03
2.842418849468231201e-02
1.292223343625664711e-03
