2.229744754731655121e-02
1.544420141726732254e-02
1.383003499358892441e-02
2.065415307879447937e-02
2.011046372354030609e-02
4.030520096421241760e-02
2.383677102625370026e-02
1.484539173543453217e-02
1.844049245119094849e-02
1.104837842285633087e-02
3.024655580520629883e-01
1.710934564471244812e-02
1.692211925983428955e-01
1.396852638572454453e-02
1.772008277475833893e-02
1.067404914647340775e-02
2.645426802337169647e-02
1.520989462733268738e-02
2.106806486845016479e-01
1.568388566374778748e-02
