5.733340512961149216e-04
3.441601002123206854e-04
2.369891153648495674e-04
4.498867783695459366e-04
2.664601488504558802e-04
1.685210270807147026e-03
3.627064579632133245e-04
2.292154531460255384e-04
4.603792622219771147e-04
1.271836517844349146e-04
3.962564468383789062e-01
5.270233959890902042e-04
7.198947714641690254e-04
2.875192440114915371e-04
5.310335545800626278e-04
1.383979833917692304e-04
5.958159565925598145e-01
2.867858565878123045e-04
3.731694014277309179e-04
3.282045072410255671e-04
