2.243792638182640076e-03
1.353728701360523701e-03
1.164062647148966789e-03
1.752304495312273502e-03
1.358751091174781322e-03
5.009049549698829651e-03
2.569877309724688530e-03
1.125757815316319466e-03
1.928042504005134106e-03
7.376232533715665340e-04
9.445139169692993164e-01
2.099016914144158363e-03
6.169538479298353195e-03
1.366166281513869762e-03
2.004058565944433212e-03
6.697750068269670010e-04
1.164502929896116257e-02
1.251414883881807327e-03
9.779918938875198364e-03
1.258146599866449833e-03
