1.368519105017185211e-02
1.140876393765211105e-02
8.202258497476577759e-03
1.435877755284309387e-02
1.400334201753139496e-02
2.403298765420913696e-02
1.022271811962127686e-02
8.101610466837882996e-03
1.096252445131540298e-02
6.682239007204771042e-03
1.012871880084276199e-02
1.015996187925338745e-02
2.757893502712249756e-02
7.353887893259525299e-03
1.115345489233732224e-02
9.388210251927375793e-03
7.702874541282653809e-01
1.324926223605871201e-02
6.488399580121040344e-03
1.255135331302881241e-02
