1.666316347836982459e-05
1.153183802671264857e-05
7.675021151953842491e-06
1.823326056182850152e-05
1.200485348817892373e-05
5.527849498321302235e-05
8.440881174465175718e-06
6.968779871385777369e-06
1.381863421556772664e-05
3.901998297806130722e-06
1.485701359342783689e-04
1.300028725381707773e-05
4.363166226539760828e-05
6.441663117584539577e-06
1.753549076966010034e-05
6.622455657634418458e-06
9.995830655097961426e-01
1.056505789165385067e-05
3.983123860962223262e-06
1.202277235279325396e-05
