2.144271321594715118e-02
1.600149460136890411e-02
1.333717349916696548e-02
1.860592700541019440e-02
1.318216137588024139e-02
2.926837280392646790e-02
1.255777385085821152e-02
1.572487689554691315e-02
2.109197899699211121e-02
1.136492565274238586e-02
4.246000945568084717e-02
1.456198282539844513e-02
2.814554609358310699e-02
1.374283246695995331e-02
1.845174841582775116e-02
1.227580197155475616e-02
5.963123440742492676e-01
1.820573769509792328e-02
6.602009385824203491e-02
1.724647916853427887e-02
