1.591305335750803351e-04
1.175311481347307563e-04
7.888614345574751496e-05
1.591658947290852666e-04
1.427550159860402346e-04
4.176369402557611465e-04
9.262892854167148471e-05
7.615510548930615187e-05
1.280636643059551716e-04
5.135305036674253643e-05
3.440917644184082747e-04
9.976375440601259470e-05
1.367866789223626256e-04
5.779530329164117575e-05
1.455769961467012763e-04
7.426543015753850341e-05
9.973618388175964355e-01
9.831161878537386656e-05
1.306875346926972270e-04
1.276774564757943153e-04
