2.028113073038184666e-07
2.504414169379742816e-07
1.737150938652121113e-07
4.973644536221399903e-07
5.425566200756293256e-07
1.750424303281761240e-06
1.610927000683659571e-07
1.157742843815867673e-07
8.583265298511832952e-08
6.425025844691845123e-08
4.691130470746429637e-07
3.248710811476485105e-07
9.999923706054687500e-01
7.538010038388165412e-08
1.381276177880863543e-07
1.332370658246873063e-07
1.774178258528991137e-06
4.648453284517017892e-07
9.277925983042223379e-08
2.605343638606427703e-07
