1.010292954742908478e-02
6.303179543465375900e-03
5.107085220515727997e-03
8.034837432205677032e-03
8.959456346929073334e-03
1.719610951840877533e-02
5.984603427350521088e-03
6.543315481394529343e-03
7.844662293791770935e-03
4.156995564699172974e-03
2.530269138514995575e-02
6.142337340861558914e-03
5.161255598068237305e-01
4.698289558291435242e-03
6.355170626193284988e-03
4.272076766937971115e-03
3.181044012308120728e-02
8.269978687167167664e-03
3.099951148033142090e-01
6.795158609747886658e-03
