1.646964810788631439e-02
1.492528431117534637e-02
1.196700707077980042e-02
1.866254769265651703e-02
2.019583806395530701e-02
3.283408656716346741e-02
1.253183465451002121e-02
1.048426236957311630e-02
1.305209193378686905e-02
9.152848273515701294e-03
1.125620957463979721e-02
1.524226646870374680e-02
3.764995634555816650e-01
1.009762007743120193e-02
1.632593385875225067e-02
1.212714705616235733e-02
3.490085601806640625e-01
1.731164753437042236e-02
1.599700562655925751e-02
1.585857197642326355e-02
