5.894917994737625122e-04
4.363236366771161556e-04
3.562152851372957230e-04
6.614977610297501087e-04
5.931098130531609058e-04
1.686471165157854557e-03
2.719110925681889057e-04
2.964165178127586842e-04
4.893480800092220306e-04
2.226691576652228832e-04
6.725129787810146809e-04
4.659001424442976713e-04
1.632023975253105164e-02
2.880552783608436584e-04
6.299427477642893791e-04
3.482372558210045099e-04
9.742830395698547363e-01
5.481870612129569054e-04
3.464375913608819246e-04
4.940423532389104366e-04
