2.152854576706886292e-03
1.036215340718626976e-03
6.611239514313638210e-04
1.162196858786046505e-03
9.491239325143396854e-04
4.488145932555198669e-03
7.116511696949601173e-04
1.131437136791646481e-03
2.046521054580807686e-03
5.047469749115407467e-04
1.479821093380451202e-02
6.578741595149040222e-04
6.831033155322074890e-03
5.845949635840952396e-04
8.365894318558275700e-04
4.312308738008141518e-04
1.678936481475830078e-01
1.032699830830097198e-03
7.909860610961914062e-01
1.104131108149886131e-03
