1.865760050714015961e-02
1.687833666801452637e-02
1.429076958447694778e-02
2.089191041886806488e-02
2.287157811224460602e-02
3.740907087922096252e-02
1.496019680052995682e-02
1.387429796159267426e-02
1.659631356596946716e-02
1.168076787143945694e-02
1.869200356304645538e-02
1.669606193900108337e-02
5.053635835647583008e-01
1.306418608874082565e-02
1.798872090876102448e-02
1.357106491923332214e-02
1.490573734045028687e-01
1.994646154344081879e-02
3.912328556180000305e-02
1.838643290102481842e-02
