1.331295643467456102e-04
7.600657409057021141e-05
5.418446016847155988e-05
1.180492108687758446e-04
6.048507566447369754e-05
3.521824255585670471e-04
6.050053707440383732e-05
5.298700853018090129e-05
1.019413757603615522e-04
3.071071841986849904e-05
8.054012432694435120e-03
1.072467712219804525e-04
1.313279644818976521e-04
5.575755858444608748e-05
1.348083314951509237e-04
4.198986789560876787e-05
9.902505874633789062e-01
7.169517630245536566e-05
2.805409894790500402e-05
8.424287807429209352e-05
