9.658693452365696430e-04
6.198558839969336987e-04
6.017821142449975014e-04
9.344765567220747471e-04
7.796162390150129795e-04
2.348619978874921799e-03
1.640871050767600536e-03
4.739670548588037491e-04
8.798114722594618797e-04
3.216505865566432476e-04
9.680396914482116699e-01
1.113467966206371784e-03
6.777972448617219925e-03
6.739395903423428535e-04
8.937270031310617924e-04
3.187429683748632669e-04
1.040426548570394516e-02
6.483942852355539799e-04
1.010542036965489388e-03
5.526836030185222626e-04
