3.275024145841598511e-02
2.197602577507495880e-02
2.366383001208305359e-02
3.286224976181983948e-02
2.842200919985771179e-02
4.154729098081588745e-02
4.163886979222297668e-02
1.947767660021781921e-02
2.346136793494224548e-02
1.726991310715675354e-02
3.840790092945098877e-01
3.080346621572971344e-02
1.409230083227157593e-01
2.311173640191555023e-02
2.512869797646999359e-02
1.719653047621250153e-02
2.384800091385841370e-02
2.852100692689418793e-02
1.960516907274723053e-02
2.371391095221042633e-02
