3.744674540939740837e-05
2.789595055219251662e-05
1.788389090506825596e-05
4.166548751527443528e-05
3.663141251308843493e-05
1.204452928504906595e-04
1.991170938708819449e-05
1.867633545771241188e-05
3.177209873683750629e-05
1.104197053791722283e-05
2.193709369748830795e-04
2.647066139616072178e-05
4.194356370135210454e-05
1.429034000466344878e-05
3.482968531898222864e-05
1.728494862618390471e-05
9.992077946662902832e-01
2.254818900837562978e-05
2.181054151151329279e-05
3.028504033864010125e-05
