1.208563935506390408e-05
1.375402280245907605e-05
1.052623247232986614e-05
2.307093745912425220e-05
2.599675826786551625e-05
5.866438368684612215e-05
1.006506681733299047e-05
8.594711289333645254e-06
6.873113306937739253e-06
5.345537374523701146e-06
1.707593946775887161e-05
1.729075847833883017e-05
9.996465444564819336e-01
6.131810096121625975e-06
9.756402505445294082e-06
9.827447684074286371e-06
6.935623969184234738e-05
2.140142714779358357e-05
1.387976863043149933e-05
1.382081791234668344e-05
