2.206670978921465576e-05
2.293397665198426694e-05
1.813806557038333267e-05
3.689484583446756005e-05
4.422958954819478095e-05
8.942482236307114363e-05
1.827516462071798742e-05
1.460570638300850987e-05
1.186772169603500515e-05
1.014512508845655248e-05
3.592700522858649492e-05
2.543314076319802552e-05
9.994020462036132812e-01
1.222416449309093878e-05
1.864844489318784326e-05
1.535060800961218774e-05
1.147083821706473827e-04
3.212215597159229219e-05
3.152916906401515007e-05
2.341393701499328017e-05
