1.205035299062728882e-02
8.973664604127407074e-03
8.549895137548446655e-03
1.247955299913883209e-02
1.126060727983713150e-02
1.873057708144187927e-02
7.861857302486896515e-03
7.700044196099042892e-03
9.548030793666839600e-03
6.429919973015785217e-03
1.587025634944438934e-02
1.014080736786127090e-02
1.827777624130249023e-01
8.051900193095207214e-03
1.169318985193967819e-02
8.648772723972797394e-03
6.277336478233337402e-01
1.109097152948379517e-02
9.790516458451747894e-03
1.061762776225805283e-02
