1.801930367946624756e-03
8.417962235398590565e-04
5.646367208100855350e-04
1.039179740473628044e-03
9.025967447087168694e-04
3.648342331871390343e-03
9.347673039883375168e-04
8.684418862685561180e-04
1.676062936894595623e-03
4.246230237185955048e-04
1.306536942720413208e-01
6.782991695217788219e-04
2.387328445911407471e-02
6.323187844827771187e-04
8.432574104517698288e-04
3.250697918701916933e-04
4.856205545365810394e-03
8.034781785681843758e-04
8.238102197647094727e-01
8.217170252464711666e-04
