2.329040871700271964e-04
1.644802105147391558e-04
1.055695320246741176e-04
2.224271447630599141e-04
1.732168457238003612e-04
5.503508145920932293e-04
1.139653613790869713e-04
1.159472230938263237e-04
1.808675006031990051e-04
7.940033538034185767e-05
1.157057005912065506e-03
1.629821490496397018e-04
1.843943609856069088e-04
1.041202340275049210e-04
2.072736679110676050e-04
1.118113941629417241e-04
9.956802129745483398e-01
1.422076165908947587e-04
1.370929821860045195e-04
1.736435660859569907e-04
