1.289775408804416656e-02
1.293245982378721237e-02
1.050354726612567902e-02
1.615868508815765381e-02
1.807530969381332397e-02
2.681585960090160370e-02
1.238731015473604202e-02
9.338560514152050018e-03
1.074105501174926758e-02
7.711645215749740601e-03
1.520452462136745453e-02
1.405096706002950668e-02
4.969084560871124268e-01
8.165432140231132507e-03
1.440320909023284912e-02
1.069640368223190308e-02
2.610615789890289307e-01
1.358207222074270248e-02
1.611321233212947845e-02
1.225199270993471146e-02
