1.723451539874076843e-03
9.851804934442043304e-04
6.449576467275619507e-04
1.244300394318997860e-03
8.753077127039432526e-04
4.170152824372053146e-03
7.263756706379354000e-04
8.872846374288201332e-04
1.525074359960854053e-03
4.717247793450951576e-04
1.840253733098506927e-02
8.399452781304717064e-04
2.568337135016918182e-03
5.847752327099442482e-04
1.154096215032041073e-03
4.949326976202428341e-04
9.253296256065368652e-01
8.301061461679637432e-04
3.542583435773849487e-02
1.116041792556643486e-03
