1.666855253279209137e-02
1.610775291919708252e-02
1.432953216135501862e-02
2.080826088786125183e-02
2.096344903111457825e-02
2.640740573406219482e-02
1.735290139913558960e-02
1.340713631361722946e-02
1.170888170599937439e-02
1.186802517622709274e-02
2.585160732269287109e-02
1.754599623382091522e-02
6.793204545974731445e-01
1.273119170218706131e-02
1.419270504266023636e-02
1.306634116917848587e-02
1.827294938266277313e-02
1.892715692520141602e-02
1.241216156631708145e-02
1.805748417973518372e-02
