6.226087920367717743e-03
5.242461804300546646e-03
5.313695874065160751e-03
7.897941395640373230e-03
7.611935492604970932e-03
1.099807582795619965e-02
5.792704876512289047e-03
4.068840295076370239e-03
4.391496535390615463e-03
3.579398151487112045e-03
1.815274544060230255e-02
5.773278418928384781e-03
8.754790425300598145e-01
4.211112856864929199e-03
5.061220843344926834e-03
4.069425631314516068e-03
1.020559016615152359e-02
6.853293161839246750e-03
3.234828356653451920e-03
5.836835131049156189e-03
