4.252221435308456421e-02
3.043811954557895660e-02
2.663689665496349335e-02
3.329877927899360657e-02
3.194459527730941772e-02
4.696134105324745178e-02
2.792618796229362488e-02
3.067358024418354034e-02
3.649420663714408875e-02
2.423767000436782837e-02
5.995228886604309082e-02
2.988073788583278656e-02
6.984927505254745483e-02
2.678471803665161133e-02
3.440012037754058838e-02
2.549366652965545654e-02
1.928723454475402832e-01
3.049627691507339478e-02
1.671723425388336182e-01
3.196464106440544128e-02
