1.475042756646871567e-02
1.123421173542737961e-02
7.930867373943328857e-03
1.299174875020980835e-02
1.431669853627681732e-02
2.739595994353294373e-02
9.340234100818634033e-03
1.087061595171689987e-02
1.207607798278331757e-02
7.060461677610874176e-03
1.586774177849292755e-02
9.247524663805961609e-03
4.355613291263580322e-01
7.337074726819992065e-03
9.737898595631122589e-03
7.226576097309589386e-03
5.268317461013793945e-02
1.259642094373703003e-02
3.100441992282867432e-01
1.173078548163175583e-02
