1.264807724510319531e-05
7.440308309014653787e-06
4.958710633218288422e-06
1.306812646362232044e-05
6.561310328834224492e-06
3.102408663835376501e-05
4.325910140323685482e-06
5.117576620250474662e-06
8.907345545594580472e-06
2.955243417090969160e-06
2.668245542736258358e-05
7.716851541772484779e-06
1.278777472180081531e-05
4.196363988739904016e-06
1.248042372026247904e-05
5.304579644871409982e-06
9.998152852058410645e-01
7.442046808137092739e-06
1.759700580805656500e-06
9.427064469491597265e-06
