1.374115422368049622e-02
8.486464619636535645e-03
6.105451378971338272e-03
8.964547887444496155e-03
9.635379537940025330e-03
2.016117796301841736e-02
8.600173518061637878e-03
9.036684408783912659e-03
1.157496683299541473e-02
5.763172637671232224e-03
3.132060542702674866e-02
6.432543043047189713e-03
7.000625878572463989e-02
5.796575918793678284e-03
8.288274519145488739e-03
5.462126340717077255e-03
3.075234219431877136e-02
8.182148449122905731e-03
7.232830524444580078e-01
8.406913839280605316e-03
