1.452744472771883011e-04
9.974277782021090388e-05
6.832481449237093329e-05
1.549046573927626014e-04
1.130985328927636147e-04
3.416488762013614178e-04
7.972530875122174621e-05
6.628827395616099238e-05
1.061673392541706562e-04
4.676825847127474844e-05
1.976812345674261451e-04
9.846535976976156235e-05
1.607422163942828774e-04
5.690938996849581599e-05
1.405548682669177651e-04
7.245599408634006977e-05
9.978037476539611816e-01
9.365482401335611939e-05
3.682506212498992682e-05
1.169723327620886266e-04
