1.218856596096884459e-06
1.465364448449690826e-06
1.056989503922522999e-06
2.800785068757249974e-06
3.136769237244152464e-06
7.819537131581455469e-06
1.153276230070332531e-06
7.581669478895491920e-07
5.792752517663757317e-07
4.688631634053308517e-07
2.569774551375303417e-06
1.773041958585963584e-06
9.999601840972900391e-01
5.886411145183956251e-07
9.106771585720707662e-07
8.369509032490896061e-07
7.736282896075863391e-06
2.599629851829377003e-06
8.892063760868040845e-07
1.552783601255214307e-06
