1.749766670400276780e-04
5.435764251160435379e-05
3.376057065906934440e-05
8.122005965560674667e-05
6.157765892567113042e-05
6.124093779362738132e-04
8.208643703255802393e-05
5.800131111755035818e-05
1.634858053876087070e-04
2.291760210937354714e-05
1.856348365545272827e-01
4.868277028435841203e-05
9.446510113775730133e-03
4.170699321548454463e-05
7.687047036597505212e-05
1.490978320362046361e-05
6.769516621716320515e-04
5.457392762764357030e-05
8.026034832000732422e-01
5.672475163009949028e-05
