8.428060391452163458e-05
2.670888170541729778e-05
2.115023562510032207e-05
5.104900628793984652e-05
3.108551391051150858e-05
2.831860329024493694e-04
9.566897642798721790e-05
2.293960824317764491e-05
6.301258690655231476e-05
1.109528238885104656e-05
9.827969074249267578e-01
3.916912100976333022e-05
4.702581558376550674e-03
2.636701719893608242e-05
4.642009298549965024e-05
8.166211955540347844e-06
1.065188262145966291e-04
2.986099389090668410e-05
1.152834389358758926e-02
2.556239451223518699e-05
