4.146279195538227214e-07
3.438796056798310019e-07
2.722161696055991342e-07
7.472253855667077005e-07
8.253185228568327148e-07
2.450494775985134766e-06
2.675431005627615377e-07
2.337891515935552889e-07
2.246842853992347955e-07
1.284081321273333742e-07
2.123602371284505352e-06
3.544238325048354454e-07
9.999831914901733398e-01
1.751828335727623198e-07
2.905925953200494405e-07
2.085416923591765226e-07
4.089024059794610366e-06
4.904772481495456304e-07
2.730725555011304095e-06
3.540900479492847808e-07
