4.260648414492607117e-02
3.822227194905281067e-02
3.315130993723869324e-02
4.239702224731445312e-02
4.152039811015129089e-02
4.978450760245323181e-02
3.651899471879005432e-02
3.260342776775360107e-02
3.743799030780792236e-02
3.009334392845630646e-02
7.661268860101699829e-02
3.871406987309455872e-02
4.371985793113708496e-02
3.347690775990486145e-02
3.716573864221572876e-02
3.391753509640693665e-02
2.507443428039550781e-01
3.871354833245277405e-02
2.360353991389274597e-02
3.899604082107543945e-02
