3.009668784216046333e-03
1.706542214378714561e-03
1.258829492144286633e-03
2.113534603267908096e-03
1.960359048098325729e-03
6.988399662077426910e-03
1.351584563963115215e-03
1.805723877623677254e-03
2.578389830887317657e-03
9.259078651666641235e-04
1.292382273823022842e-02
1.164071378298103809e-03
2.640642523765563965e-01
1.108792377635836601e-03
1.749358256347477436e-03
9.110954124480485916e-04
4.961996152997016907e-02
1.751275151036679745e-03
6.412702202796936035e-01
1.738163875415921211e-03
