2.978804055601358414e-03
2.740864409133791924e-03
2.123667392879724503e-03
3.353041131049394608e-03
4.025314468890428543e-03
6.809287238866090775e-03
2.533082617446780205e-03
2.148392144590616226e-03
2.288382733240723610e-03
1.713947276584804058e-03
4.619255661964416504e-03
2.702156780287623405e-03
9.154709577560424805e-01
1.868830062448978424e-03
2.845124574378132820e-03
2.072605071589350700e-03
1.255408022552728653e-02
2.917580772191286087e-03
2.164641395211219788e-02
2.588229952380061150e-03
