5.368389934301376343e-02
4.574109986424446106e-02
4.472542181611061096e-02
5.018560588359832764e-02
5.090226978063583374e-02
5.162925645709037781e-02
5.527722835540771484e-02
4.415129497647285461e-02
4.668029770255088806e-02
4.233588278293609619e-02
6.764891743659973145e-02
4.821129515767097473e-02
5.412499606609344482e-02
4.631398245692253113e-02
4.758169129490852356e-02
4.385728761553764343e-02
5.773593112826347351e-02
5.109515413641929626e-02
5.057983845472335815e-02
4.753864929080009460e-02
