1.551861781626939774e-02
1.025657914578914642e-02
6.776216439902782440e-03
1.061887294054031372e-02
1.073140278458595276e-02
2.559796534478664398e-02
8.851567283272743225e-03
8.978377096354961395e-03
1.441272348165512085e-02
5.847307853400707245e-03
1.479793526232242584e-02
6.890387274324893951e-03
4.094511270523071289e-02
5.940233357250690460e-03
8.770866319537162781e-03
5.996237043291330338e-03
4.031742215156555176e-01
1.135512907058000565e-02
3.741828799247741699e-01
1.035732775926589966e-02
