8.647941285744309425e-04
6.518370937556028366e-04
5.537096876651048660e-04
1.075557898730039597e-03
1.021612901240587234e-03
2.198477042838931084e-03
6.856329273432493210e-04
5.450022872537374496e-04
5.698810564354062080e-04
3.971492697019129992e-04
3.818043973296880722e-03
7.114310865290462971e-04
9.746541976928710938e-01
4.537023778539150953e-04
7.190032047219574451e-04
4.758030408993363380e-04
2.185360994189977646e-03
7.680203416384756565e-04
6.998695898801088333e-03
6.520347669720649719e-04
