9.021149016916751862e-03
5.094280932098627090e-03
4.508819431066513062e-03
6.188203115016222000e-03
4.088135901838541031e-03
1.339995115995407104e-02
6.009549368172883987e-03
4.156405571848154068e-03
7.560463622212409973e-03
2.860085107386112213e-03
6.977398395538330078e-01
7.404088042676448822e-03
2.152187563478946686e-02
5.301100201904773712e-03
8.630089461803436279e-03
3.120373934507369995e-03
1.732719242572784424e-01
5.809227470308542252e-03
8.844003081321716309e-03
5.470408592373132706e-03
