4.814816266298294067e-02
4.229585826396942139e-02
3.704357892274856567e-02
4.572416096925735474e-02
4.882000759243965149e-02
5.712283402681350708e-02
4.500170424580574036e-02
3.856489807367324829e-02
4.193803668022155762e-02
3.541027754545211792e-02
4.022993147373199463e-02
4.155719652771949768e-02
1.160681992769241333e-01
3.592540323734283447e-02
3.902310505509376526e-02
3.714831545948982239e-02
6.661068648099899292e-02
4.754609987139701843e-02
9.156770259141921997e-02
4.425384476780891418e-02
