4.407140891999006271e-03
2.679561730474233627e-03
1.682170899584889412e-03
2.896034624427556992e-03
2.790073864161968231e-03
7.808000780642032623e-03
2.147844294086098671e-03
2.906725974753499031e-03
4.001263994723558426e-03
1.532042399048805237e-03
1.301510352641344070e-02
1.672565704211592674e-03
6.419676542282104492e-02
1.704170368611812592e-03
2.279021311551332474e-03
1.306518213823437691e-03
1.503016892820596695e-02
2.509785583242774010e-03
8.630055189132690430e-01
2.429509768262505531e-03
