2.629380114376544952e-02
2.421406470239162445e-02
1.957342028617858887e-02
2.811662666499614716e-02
3.298555687069892883e-02
4.183479025959968567e-02
2.471491880714893341e-02
1.789145357906818390e-02
2.143829874694347382e-02
1.580143347382545471e-02
2.730704098939895630e-02
2.404106035828590393e-02
5.777006968855857849e-02
1.649363152682781219e-02
2.633761800825595856e-02
1.965486817061901093e-02
5.056203603744506836e-01
2.162427082657814026e-02
2.507364563643932343e-02
2.321309596300125122e-02
