1.736451813485473394e-04
7.023283251328393817e-05
3.828834451269358397e-05
9.005450556287541986e-05
8.196137787308543921e-05
4.876840685028582811e-04
6.216228211997076869e-05
8.124658052111044526e-05
1.353268598904833198e-04
3.092537008342333138e-05
3.169835312291979790e-03
3.987026866525411606e-05
3.233560919761657715e-02
3.869566353387199342e-05
6.269663572311401367e-05
2.435287751723080873e-05
8.029432501643896103e-04
6.684015534119680524e-05
9.621404409408569336e-01
6.719986413372680545e-05
