6.791858933866024017e-03
4.270342178642749786e-03
2.963929437100887299e-03
5.119027569890022278e-03
4.598534200340509415e-03
1.426886208355426788e-02
3.740563290193676949e-03
3.856345545500516891e-03
6.214448250830173492e-03
2.247144468128681183e-03
2.817809768021106720e-02
2.899516606703400612e-03
6.697614677250385284e-03
2.267083385959267616e-03
3.373679006472229958e-03
2.172985579818487167e-03
7.030895352363586426e-01
3.868133528158068657e-03
1.889424324035644531e-01
4.439944867044687271e-03
