7.447117968695238233e-05
7.480544445570558310e-05
6.110224785516038537e-05
1.130845630541443825e-04
1.268319319933652878e-04
2.571551303844898939e-04
5.994127786834724247e-05
4.766837446368299425e-05
4.183670171187259257e-05
3.410950739635154605e-05
1.296215632464736700e-04
8.273703861050307751e-05
9.981763362884521484e-01
4.086560511495918036e-05
5.963930379948578775e-05
5.057936868979595602e-05
3.214601892977952957e-04
1.025245146593078971e-04
6.887747440487146378e-05
7.626114529557526112e-05
