3.898996161296963692e-03
2.715107984840869904e-03
1.897376845590770245e-03
3.235619980841875076e-03
2.558483975008130074e-03
7.902111858129501343e-03
3.152733901515603065e-03
1.873912988230586052e-03
3.061654744669795036e-03
1.321321120485663414e-03
1.533457189798355103e-01
3.376968903467059135e-03
3.383372444659471512e-03
2.060725586488842964e-03
3.385744756087660789e-03
1.527991262264549732e-03
7.950186729431152344e-01
2.169508719816803932e-03
1.772763556800782681e-03
2.341252285987138748e-03
