2.332290387130342424e-05
1.573974805069155991e-05
1.000066185952164233e-05
2.289080657646991313e-05
1.533331669634208083e-05
7.585118873976171017e-05
9.685239092505071312e-06
1.143751887866528705e-05
2.121550278388895094e-05
6.220891464181477204e-06
2.830809098668396473e-04
1.537617754365783185e-05
2.149855026800651103e-05
9.639195013733115047e-06
1.982345565920695662e-05
9.606240382709074765e-06
9.993680119514465332e-01
1.396567131450865418e-05
2.782591400318779051e-05
1.954063009179662913e-05
