6.278761247813235968e-06
6.120733814896084368e-06
4.801351678906939924e-06
1.137338040280155838e-05
1.132480520027456805e-05
2.824972580128815025e-05
5.108994173497194424e-06
4.038861789013026282e-06
3.592895609472179785e-06
2.545374400142463855e-06
2.640373350004665554e-05
7.040609034447697923e-06
9.997925162315368652e-01
3.247982476750621572e-06
5.508131835085805506e-06
4.061124855070374906e-06
3.858216950902715325e-05
8.591990990680642426e-06
2.507433782739099115e-05
5.554256404138868675e-06
