6.618150044232606888e-03
6.500549148768186569e-03
5.638475064188241959e-03
8.202434517443180084e-03
9.503841400146484375e-03
1.421666052192449570e-02
5.967497825622558594e-03
4.889483097940683365e-03
5.154757760465145111e-03
4.017321858555078506e-03
8.128469809889793396e-03
7.734877523034811020e-03
8.414610624313354492e-01
4.864119458943605423e-03
6.367164663970470428e-03
5.587680265307426453e-03
3.482094034552574158e-02
8.382207714021205902e-03
4.997158423066139221e-03
6.947051268070936203e-03
