5.810724105685949326e-04
2.280865737702697515e-04
1.933671592269092798e-04
4.258877597749233246e-04
3.009152424056082964e-04
2.165108686313033104e-03
4.280883294995874166e-04
2.238681045128032565e-04
5.495722289197146893e-04
1.056749097188003361e-04
6.366565227508544922e-01
2.570088254287838936e-04
1.707237213850021362e-01
2.050625917036086321e-04
3.921460884157568216e-04
8.615423575975000858e-05
2.166586695238947868e-03
2.419717638986185193e-04
1.838291436433792114e-01
2.400183147983625531e-04
