9.527616930427029729e-05
4.926297697238624096e-05
3.270736124250106514e-05
7.094477041391655803e-05
3.235193798900581896e-05
3.087371878791600466e-04
4.142195393797010183e-05
3.165656016790308058e-05
7.369635568466037512e-05
1.622722811589483172e-05
4.206557199358940125e-02
8.041205001063644886e-05
1.644650619709864259e-04
4.255016392562538385e-05
1.030749990604817867e-04
2.068384674203116447e-05
9.566486477851867676e-01
4.867920142714865506e-05
2.001793473027646542e-05
5.363487798604182899e-05
