1.606325618922710419e-03
1.425778726115822792e-03
1.303581753745675087e-03
2.488445490598678589e-03
2.433138666674494743e-03
4.191939719021320343e-03
1.915329834446310997e-03
1.190750161185860634e-03
1.129362615756690502e-03
9.089273517020046711e-04
6.957287434488534927e-03
2.037221565842628479e-03
9.608293175697326660e-01
1.028046361170709133e-03
1.306843012571334839e-03
1.245763851329684258e-03
2.179604256525635719e-03
2.051219809800386429e-03
2.065519336611032486e-03
1.705626724287867546e-03
