1.823255388444522396e-06
1.232660110872529913e-06
7.178573468991089612e-07
2.115477172992541455e-06
1.289243300561793149e-06
7.393802661681547761e-06
8.369886472792131826e-07
6.993262218202289660e-07
1.278860281672677957e-06
3.641836201495607384e-07
7.572621598228579387e-06
1.203974761665449478e-06
1.659184363234089687e-06
5.140668122294300701e-07
1.690468593551486265e-06
6.375446446327259764e-07
9.999662637710571289e-01
1.027744929160689935e-06
2.782900310194236226e-07
1.329729229837539606e-06
