8.355344107258133590e-06
5.128116754349321127e-06
4.585552233038470149e-06
1.358849931420991197e-05
1.081107257050462067e-05
3.875920083373785019e-05
9.746427167556248605e-06
4.024179816042305902e-06
4.727911345980828628e-06
2.279069349242490716e-06
1.040983479470014572e-03
7.083505352056818083e-06
9.986949563026428223e-01
3.698426553455647081e-06
6.120093075878685340e-06
2.922525936810416169e-06
1.703294219623785466e-05
7.366305453615495935e-06
1.117732244892977178e-04
6.048762770660687238e-06
