3.936749882996082306e-03
2.051655203104019165e-03
1.374578452669084072e-03
2.198525238782167435e-03
1.999024534597992897e-03
6.492107640951871872e-03
1.831079251132905483e-03
2.333934651687741280e-03
3.529446898028254509e-03
1.183916931040585041e-03
2.140246331691741943e-02
1.395158818922936916e-03
1.022711116820573807e-02
1.188253634609282017e-03
1.757631427608430386e-03
9.779385291039943695e-04
2.067421376705169678e-02
1.965685049071907997e-03
9.114790558815002441e-01
2.001404296606779099e-03
