3.772706957533955574e-03
3.332318505272269249e-03
2.926345681771636009e-03
5.583351477980613708e-03
5.303020123392343521e-03
7.941038347780704498e-03
4.017973784357309341e-03
2.612931188195943832e-03
2.469008788466453552e-03
2.161214826628565788e-03
1.194389164447784424e-02
3.864618949592113495e-03
9.207682013511657715e-01
2.508507343009114265e-03
2.840401604771614075e-03
2.484968164935708046e-03
4.266323521733283997e-03
4.306138958781957626e-03
3.063797717913985252e-03
3.833176568150520325e-03
