4.301975946873426437e-03
3.347025718539953232e-03
2.626742469146847725e-03
4.340812098234891891e-03
4.163991659879684448e-03
8.067275397479534149e-03
2.956308890134096146e-03
2.419498283416032791e-03
3.724521957337856293e-03
1.987204886972904205e-03
3.322010394185781479e-03
3.345465520396828651e-03
1.306848786771297455e-02
2.405155217275023460e-03
4.282434470951557159e-03
2.813418861478567123e-03
9.216606616973876953e-01
3.982730209827423096e-03
3.322187578305602074e-03
3.862063167616724968e-03
