7.405460564768873155e-06
7.772136086714453995e-06
5.870090717507991940e-06
1.394826722389552742e-05
1.560995588079094887e-05
3.523166742525063455e-05
6.276091880863532424e-06
4.760281171911628917e-06
3.641657031039358117e-06
3.091430016866070218e-06
1.770095332176424563e-05
8.960580998973455280e-06
9.998040795326232910e-01
3.579544454623828642e-06
5.020351636630948633e-06
4.920850642520235851e-06
2.571262120909523219e-05
1.194952074001776055e-05
5.895460162719246000e-06
8.594745850132312626e-06
