1.265414897352457047e-02
1.010903250426054001e-02
8.732025511562824249e-03
1.217120513319969177e-02
1.302343606948852539e-02
2.377961389720439911e-02
8.607866242527961731e-03
8.636576123535633087e-03
1.250282488763332367e-02
6.733023095875978470e-03
2.181040495634078979e-02
8.944083005189895630e-03
3.398542478680610657e-02
7.757289335131645203e-03
1.061357557773590088e-02
7.772944401949644089e-03
7.293821573257446289e-01
1.098929438740015030e-02
4.038680344820022583e-02
1.140826381742954254e-02
