1.126306713558733463e-03
9.655223693698644638e-04
1.017866190522909164e-03
1.762825646437704563e-03
1.670028897933661938e-03
2.285499125719070435e-03
1.240862417034804821e-03
7.988931029103696346e-04
8.168331114575266838e-04
6.225961260497570038e-04
7.424502167850732803e-03
1.356471795588731766e-03
9.701878428459167480e-01
8.499085088260471821e-04
9.195996099151670933e-04
8.555094827897846699e-04
2.779059344902634621e-03
1.478697406128048897e-03
6.945200730115175247e-04
1.146621652878820896e-03
