4.248215918778441846e-05
4.358709338703192770e-05
3.446740447543561459e-05
6.497641879832372069e-05
7.517596532125025988e-05
1.510275906184688210e-04
3.117593587376177311e-05
3.016728805960156024e-05
2.687769483600277454e-05
2.000255153689067811e-05
6.303132249740883708e-05
4.905467721982859075e-05
9.987247586250305176e-01
2.356620461796410382e-05
3.850400753435678780e-05
3.037470742128789425e-05
3.227429697290062904e-04
5.979951311019249260e-05
1.277754927286878228e-04
4.052539588883519173e-05
