2.672746544703841209e-03
2.148732542991638184e-03
1.817562733776867390e-03
2.901098923757672310e-03
2.447542035952210426e-03
4.999449476599693298e-03
1.846858765929937363e-03
1.632297178730368614e-03
2.271238714456558228e-03
1.189330359920859337e-03
5.386398639529943466e-03
2.260420238599181175e-03
5.533131305128335953e-03
1.498117810115218163e-03
2.663890831172466278e-03
1.592715270817279816e-03
9.511463046073913574e-01
2.002237597480416298e-03
1.721950946375727654e-03
2.268155338242650032e-03
