4.062787815928459167e-02
2.791344746947288513e-02
2.345074899494647980e-02
2.939931862056255341e-02
3.211417421698570251e-02
4.617393389344215393e-02
2.791056409478187561e-02
2.848407998681068420e-02
3.570402786135673523e-02
2.288949489593505859e-02
3.971811011433601379e-02
2.377919293940067291e-02
7.232925295829772949e-02
2.248262986540794373e-02
2.583278156816959381e-02
2.132690697908401489e-02
8.171375840902328491e-02
3.107232972979545593e-02
3.380424976348876953e-01
2.903487160801887512e-02
