1.300500443903729320e-04
8.352185977855697274e-05
5.877012517885304987e-05
1.343056646874174476e-04
7.626598380738869309e-05
2.699293254408985376e-04
5.461259934236295521e-05
5.996464460622519255e-05
9.394457447342574596e-05
4.155995338805951178e-05
1.865531667135655880e-04
8.300539775518700480e-05
1.617642556084319949e-04
5.448395313578657806e-05
1.271267683478072286e-04
6.514279812108725309e-05
9.980998635292053223e-01
8.864313713274896145e-05
2.642444815137423575e-05
1.039939161273650825e-04
