3.391767386347055435e-03
1.895910245366394520e-03
1.145388232544064522e-03
2.220702357590198517e-03
2.066273242235183716e-03
8.724533952772617340e-03
1.616336521692574024e-03
1.827307743951678276e-03
3.033126471564173698e-03
8.867789292708039284e-04
3.195282444357872009e-02
1.246930100023746490e-03
9.243621490895748138e-03
9.354450739920139313e-04
1.734521589241921902e-03
8.509692270308732986e-04
3.807831406593322754e-01
1.684455666691064835e-03
5.428000688552856445e-01
1.959998393431305885e-03
