8.066729642450809479e-04
5.274690920487046242e-04
3.273964975960552692e-04
6.999141769483685493e-04
6.591326673515141010e-04
2.671899273991584778e-03
3.161364875268191099e-04
4.514563479460775852e-04
6.631345022469758987e-04
2.285427908645942807e-04
1.727396273054182529e-03
3.519786987453699112e-04
8.012866973876953125e-01
2.955949457827955484e-04
5.444104899652302265e-04
2.441502001602202654e-04
5.466481670737266541e-02
5.478570819832384586e-04
1.324959993362426758e-01
4.893124569207429886e-04
