2.779757604002952576e-02
1.744267158210277557e-02
1.404424663633108139e-02
1.820156909525394440e-02
1.890882104635238647e-02
3.656052052974700928e-02
1.472520828247070312e-02
1.849333010613918304e-02
2.504050545394420624e-02
1.239434164017438889e-02
3.458913788199424744e-02
1.430082041770219803e-02
6.145615875720977783e-02
1.395546086132526398e-02
1.525821723043918610e-02
1.185023784637451172e-02
1.885099261999130249e-01
1.971353776752948761e-02
4.177559018135070801e-01
1.900182850658893585e-02
