1.904394361190497875e-03
1.345481490716338158e-03
1.224782783538103104e-03
1.962677808478474617e-03
1.456598402000963688e-03
4.500222858041524887e-03
1.463231979869306087e-03
9.820667328312993050e-04
1.697289757430553436e-03
6.332161137834191322e-04
4.455869644880294800e-02
1.937703229486942291e-03
4.538194835186004639e-02
1.181642292067408562e-03
2.155434573069214821e-03
8.912319899536669254e-04
8.823963999748229980e-01
1.447494141757488251e-03
1.610151608474552631e-03
1.269461936317384243e-03
