4.321850463747978210e-02
3.449003398418426514e-02
3.569004312157630920e-02
4.527164250612258911e-02
4.338493570685386658e-02
5.221546813845634460e-02
4.399821534752845764e-02
3.164782747626304626e-02
3.369211778044700623e-02
2.886820957064628601e-02
8.949503302574157715e-02
4.049538820981979370e-02
2.195057421922683716e-01
3.339545428752899170e-02
3.550251573324203491e-02
3.095815889537334442e-02
3.121027164161205292e-02
4.287609457969665527e-02
4.451446980237960815e-02
3.956988826394081116e-02
