4.977268632501363754e-03
4.075407516211271286e-03
2.843325724825263023e-03
4.564176313579082489e-03
4.146729130297899246e-03
9.335161186754703522e-03
3.835898591205477715e-03
2.937286160886287689e-03
3.974672872573137283e-03
2.112983027473092079e-03
5.244431272149085999e-02
4.277944564819335938e-03
3.479795064777135849e-03
2.805989934131503105e-03
4.647569730877876282e-03
2.486653393134474754e-03
8.776027560234069824e-01
2.955057192593812943e-03
2.775754779577255249e-03
3.721272107213735580e-03
