1.359068439342081547e-03
1.245943945832550526e-03
8.174631511792540550e-04
1.715828431770205498e-03
2.075702184811234474e-03
4.060289356857538223e-03
1.194771728478372097e-03
1.005938858725130558e-03
8.032127516344189644e-04
7.147873984649777412e-04
1.504527404904365540e-03
1.344030606560409069e-03
9.690304398536682129e-01
6.869462667964398861e-04
9.050045046024024487e-04
8.895800565369427204e-04
1.668143202550709248e-03
1.625637407414615154e-03
5.885689519345760345e-03
1.466924906708300114e-03
