4.628696785857755458e-07
4.694464053045521723e-07
3.787572495639324188e-07
9.184121267935552169e-07
1.111503479478415102e-06
3.043816377612529323e-06
3.270083652751054615e-07
2.540640196002641460e-07
2.364760689488321077e-07
1.561222404689033283e-07
1.321963623013289180e-06
5.534554361474874895e-07
9.999817609786987305e-01
2.021848217736987863e-07
4.052481301641819300e-07
2.750534235929080751e-07
6.186256996443262324e-06
6.974813686611014418e-07
7.337983447541773785e-07
4.872503609476552811e-07
