3.994034137576818466e-03
2.383191371336579323e-03
2.861293265596032143e-03
4.248392768204212189e-03
3.399021923542022705e-03
7.505788002163171768e-03
4.738886840641498566e-03
1.915787463076412678e-03
3.124780487269163132e-03
1.532154157757759094e-03
4.612477719783782959e-01
3.955887164920568466e-03
4.746929109096527100e-01
2.652209717780351639e-03
3.525273874402046204e-03
1.832285430282354355e-03
7.791733369231224060e-03
3.421059576794505119e-03
2.367947017773985863e-03
2.809690078720450401e-03
