1.496677141403779387e-04
7.090572034940123558e-05
6.673985626548528671e-05
1.193054849863983691e-04
9.240584768122062087e-05
4.943626699969172478e-04
2.327837573830038309e-04
6.088194641051813960e-05
1.338324655080214143e-04
3.666743941721506417e-05
9.915157556533813477e-01
1.398433232679963112e-04
2.805151278153061867e-03
8.287156379083171487e-05
1.319571456406265497e-04
3.365480006323195994e-05
3.621368377935141325e-04
6.897112325532361865e-05
3.335004672408103943e-03
6.703730468871071935e-05
