4.267244413495063782e-02
3.532404825091362000e-02
3.003880754113197327e-02
3.869069367647171021e-02
4.151427373290061951e-02
5.325910821557044983e-02
4.086782038211822510e-02
3.083186969161033630e-02
3.604198992252349854e-02
2.737453766167163849e-02
6.272858381271362305e-02
3.522156178951263428e-02
2.982825599610805511e-02
2.803697623312473297e-02
3.654999285936355591e-02
2.933675423264503479e-02
2.871794700622558594e-01
3.082557022571563721e-02
4.830148443579673767e-02
3.537576273083686829e-02
