3.293342888355255127e-02
2.218923345208168030e-02
1.907169260084629059e-02
2.411170676350593567e-02
2.011541277170181274e-02
3.950424864888191223e-02
1.805722899734973907e-02
2.172304876148700714e-02
2.979995682835578918e-02
1.620146073400974274e-02
1.096311062574386597e-01
2.167211286723613739e-02
3.969646617770195007e-02
1.946430280804634094e-02
2.548231557011604309e-02
1.664146780967712402e-02
3.660660982131958008e-01
2.393354475498199463e-02
1.095376983284950256e-01
2.416747808456420898e-02
