2.345694610994542018e-06
1.637247919461515266e-06
9.964020364350290038e-07
2.894499630201607943e-06
1.790485043784428854e-06
9.711596248962450773e-06
1.092268007596430834e-06
9.496815209786291234e-07
1.886094992187281605e-06
5.228189365880098194e-07
8.114404408843256533e-06
1.456016434531193227e-06
2.055345930784824304e-06
7.039076308501535095e-07
2.211926130257779732e-06
9.164187986243632622e-07
9.999567270278930664e-01
1.403460601068218239e-06
5.837113690176920500e-07
1.929050085891503841e-06
