3.771085990592837334e-03
2.625144785270094872e-03
2.216561464592814445e-03
3.992400597780942917e-03
3.487142035737633705e-03
8.334990590810775757e-03
3.370228456333279610e-03
2.302685286849737167e-03
3.199028084054589272e-03
1.587873557582497597e-03
9.471155703067779541e-02
2.754349261522293091e-03
8.079945445060729980e-01
2.193419728428125381e-03
2.984765218570828438e-03
1.541666802950203419e-03
6.988475564867258072e-03
2.925420179963111877e-03
4.039254039525985718e-02
2.626181347295641899e-03
