4.743916448205709457e-03
2.437353366985917091e-03
1.615879824385046959e-03
2.951046219095587730e-03
2.141645643860101700e-03
8.679229766130447388e-03
1.789863337762653828e-03
2.353449119254946709e-03
3.920981194823980331e-03
1.260904129594564438e-03
8.679710328578948975e-03
1.591217936947941780e-03
6.526557262986898422e-03
1.361403032205998898e-03
2.123263431712985039e-03
1.297479378990828991e-03
7.950015068054199219e-01
2.578816842287778854e-03
1.461472064256668091e-01
2.798559842631220818e-03
