6.906288908794522285e-04
5.483112181536853313e-04
4.713530361186712980e-04
9.173459839075803757e-04
8.213138207793235779e-04
1.646709511987864971e-03
6.286628195084631443e-04
4.588018637150526047e-04
4.722196317743510008e-04
3.324644349049776793e-04
5.011680535972118378e-03
6.101055769249796867e-04
9.795677661895751953e-01
4.159489471931010485e-04
5.786412511952221394e-04
4.261411377228796482e-04
1.532676513306796551e-03
6.352909840643405914e-04
3.680157009512186050e-03
5.537485121749341488e-04
