7.966145058162510395e-04
5.239233723841607571e-04
2.826524432748556137e-04
6.971954717300832272e-04
7.730667712166905403e-04
2.597756683826446533e-03
3.715353668667376041e-04
4.741001466754823923e-04
5.051218322478234768e-04
2.246579388156533241e-04
1.200780388899147511e-03
3.799900587182492018e-04
9.063059091567993164e-01
2.223784103989601135e-04
3.560588229447603226e-04
2.317992912139743567e-04
3.594126086682081223e-03
6.022892775945365429e-04
7.931584119796752930e-02
5.443376139737665653e-04
