5.250284448266029358e-05
5.702962880604900420e-05
3.952742554247379303e-05
9.284813859267160296e-05
8.990795322461053729e-05
2.468852908350527287e-04
3.588272011256776750e-05
2.952634531538933516e-05
2.788538040476851165e-05
1.953024366230238229e-05
4.548303331830538809e-05
6.535405555041506886e-05
9.965903759002685547e-01
2.398248579993378371e-05
5.048123421147465706e-05
3.573665890144184232e-05
2.312543336302042007e-03
8.957768295658752322e-05
3.675303378258831799e-05
5.812233212054707110e-05
