9.745873103383928537e-05
5.932144631515257061e-05
4.427971725817769766e-05
9.089880768442526460e-05
4.664522930397652090e-05
2.092989598168060184e-04
3.492323958198539913e-05
4.790473758475854993e-05
7.992932660272344947e-05
2.989650602103210986e-05
4.283949674572795630e-04
6.673016468994319439e-05
1.127285431721247733e-04
4.630916373571380973e-05
9.904325270326808095e-05
4.574276681523770094e-05
9.982787370681762695e-01
6.957406731089577079e-05
3.458147330093197525e-05
7.767516945023089647e-05
