1.818717340938746929e-03
1.076721237041056156e-03
7.019903277978301048e-04
1.291957683861255646e-03
1.453817123547196388e-03
4.474249202758073807e-03
9.585777879692614079e-04
1.091517275199294090e-03
1.563037279993295670e-03
5.810775328427553177e-04
1.173616945743560791e-02
7.506897090934216976e-04
1.831681728363037109e-01
6.761032273061573505e-04
1.161775551736354828e-03
5.367388948798179626e-04
9.042491205036640167e-03
1.034441404044628143e-03
7.758562564849853516e-01
1.025564968585968018e-03
