1.192151801660656929e-03
9.120566537603735924e-04
6.511887186206877232e-04
1.188390189781785011e-03
1.068225479684770107e-03
2.294090110808610916e-03
8.063703426159918308e-04
6.440147408284246922e-04
9.125765063799917698e-04
4.652471398003399372e-04
2.747019520029425621e-03
9.238013881258666515e-04
9.523749467916786671e-04
5.497116944752633572e-04
1.074163825251162052e-03
6.406791508197784424e-04
9.808418750762939453e-01
7.580348756164312363e-04
4.668106266763061285e-04
9.111498948186635971e-04
