1.554632093757390976e-03
1.233367715030908585e-03
1.227800152264535427e-03
2.445794641971588135e-03
1.912525622174143791e-03
3.154203528538346291e-03
2.001418732106685638e-03
9.432545048184692860e-04
9.685232071205973625e-04
7.690510246902704239e-04
1.580364443361759186e-02
1.654747175052762032e-03
9.575455188751220703e-01
1.030330429784953594e-03
9.283610270358622074e-04
8.850507438182830811e-04
1.529019791632890701e-03
2.216828987002372742e-03
6.171135464683175087e-04
1.578873838298022747e-03
