8.756632450968027115e-05
5.780383071396499872e-05
3.811665374087169766e-05
8.745148807065561414e-05
6.812053470639511943e-05
2.231369871878996491e-04
4.463297591428272426e-05
3.809510235441848636e-05
6.538978777825832367e-05
2.647075962158851326e-05
2.106910687871277332e-04
5.765886817243881524e-05
8.035843347897753119e-05
3.448774805292487144e-05
8.417862409260123968e-05
4.179629468126222491e-05
9.986036419868469238e-01
5.490604598890058696e-05
2.552900696173310280e-05
6.995217700023204088e-05
