2.127010247932048514e-06
2.164106035706936382e-06
1.710814558464335278e-06
4.365153017715783790e-06
4.857273324887501076e-06
1.140802487498149276e-05
1.687097665126202628e-06
1.297103949582378846e-06
9.664903473094454966e-07
8.198368277589906938e-07
5.228486315900227055e-06
2.435147962387418374e-06
9.999405145645141602e-01
9.427647000848082826e-07
1.389375029248185456e-06
1.356745087832678109e-06
8.859771696734242141e-06
3.369903879502089694e-06
2.245191126348800026e-06
2.271017592647694983e-06
