3.379387781023979187e-02
2.735964581370353699e-02
2.856650389730930328e-02
3.690406680107116699e-02
3.143076971173286438e-02
4.598186165094375610e-02
3.911732882261276245e-02
2.306102588772773743e-02
2.748537249863147736e-02
1.979952864348888397e-02
2.321073114871978760e-01
3.562369197607040405e-02
1.989783048629760742e-01
2.604504115879535675e-02
2.821152843534946442e-02
2.272897399961948395e-02
6.601570546627044678e-02
3.481863439083099365e-02
1.489359512925148010e-02
2.707726880908012390e-02
