2.206111885607242584e-02
1.681758463382720947e-02
1.803448051214218140e-02
2.380479313433170319e-02
2.040662802755832672e-02
2.916565164923667908e-02
2.921249344944953918e-02
1.520481519401073456e-02
1.937121897935867310e-02
1.242402195930480957e-02
4.551126956939697266e-01
2.465883642435073853e-02
1.385132074356079102e-01
1.898539625108242035e-02
1.948493905365467072e-02
1.279355864971876144e-02
7.320789247751235962e-02
2.263374812901020050e-02
1.033541932702064514e-02
1.777154207229614258e-02
