2.096380572766065598e-03
1.630861661396920681e-03
1.288494677282869816e-03
2.522209892049431801e-03
2.160992007702589035e-03
4.535646643489599228e-03
1.631134655326604843e-03
1.359208254143595695e-03
1.451750053092837334e-03
9.680835064500570297e-04
1.084879692643880844e-02
1.539926277473568916e-03
9.476943016052246094e-01
1.121104229241609573e-03
1.550666638650000095e-03
9.839149424806237221e-04
3.955291584134101868e-03
1.878780196420848370e-03
9.157732129096984863e-03
1.624790835194289684e-03
