3.657740727066993713e-02
3.237477317452430725e-02
2.566777728497982025e-02
3.759109601378440857e-02
4.212702438235282898e-02
5.404962226748466492e-02
3.239118680357933044e-02
2.867697551846504211e-02
2.898710779845714569e-02
2.357339113950729370e-02
2.540472149848937988e-02
3.254439309239387512e-02
3.147461414337158203e-01
2.418901398777961731e-02
2.719276770949363708e-02
2.755118906497955322e-02
4.477997496724128723e-02
3.883633017539978027e-02
8.714127540588378906e-02
3.559783101081848145e-02
