7.435829320456832647e-05
5.814182804897427559e-05
4.924293534713797271e-05
1.022844953695312142e-04
7.945916877361014485e-05
2.868929586838930845e-04
3.440908403717912734e-05
3.399873821763321757e-05
5.893022535019554198e-05
2.152068918803706765e-05
1.736577542033046484e-04
6.592895806534215808e-05
1.806997321546077728e-02
3.323121200082823634e-05
9.722226968733593822e-05
4.021821223432198167e-05
9.805631637573242188e-01
6.406290049199014902e-05
3.084098716499283910e-05
6.248931458685547113e-05
