1.206851331517100334e-03
1.278551993891596794e-03
9.670332074165344238e-04
1.772107323631644249e-03
2.011436037719249725e-03
3.401430789381265640e-03
1.088200369849801064e-03
8.777450420893728733e-04
7.373060798272490501e-04
6.943668122403323650e-04
1.281557488255202770e-03
1.418606960214674473e-03
9.741415977478027344e-01
6.952921394258737564e-04
9.792327182367444038e-04
9.409895283170044422e-04
2.397338859736919403e-03
1.599716488271951675e-03
1.111693680286407471e-03
1.398854190483689308e-03
