7.456667663063853979e-05
5.054921712144277990e-05
3.682699752971529961e-05
7.829746027709916234e-05
5.026684084441512823e-05
1.968994911294430494e-04
3.684572220663540065e-05
3.223702151444740593e-05
5.831111047882586718e-05
2.075228076137136668e-05
2.215502754552289844e-04
5.519737169379368424e-05
2.798633940983563662e-04
3.066877252422273159e-05
7.794417615514248610e-05
3.515239950502291322e-05
9.985417127609252930e-01
5.476029764395207167e-05
1.188300939247710630e-05
5.573096859734505415e-05
