2.734692316153086722e-06
1.697097559372195974e-06
1.059079295373521745e-06
2.970564310089685023e-06
1.560497366881463677e-06
9.418627087143249810e-06
9.911721008393215016e-07
1.070378630174673162e-06
2.128308324245153926e-06
5.858476583853189368e-07
1.573705048940610141e-05
1.811726747291686479e-06
3.168150215060450137e-06
9.226395150108146481e-07
2.831104211509227753e-06
1.037350557453464717e-06
9.999459981918334961e-01
1.566070295666577294e-06
4.353488520791870542e-07
2.155031324946321547e-06
