3.008154453709721565e-05
2.153662171622272581e-05
2.121943543897941709e-05
4.671182250604033470e-05
4.035244637634605169e-05
1.536798226879909635e-04
3.706711868289858103e-05
1.537480420665815473e-05
2.228771700174547732e-05
9.575830517860595137e-06
4.813724663108587265e-03
3.362261850270442665e-05
9.942681789398193359e-01
1.740121479087974876e-05
2.932127608801238239e-05
1.355644872091943398e-05
1.891399442683905363e-04
2.969031083921436220e-05
1.863104553194716573e-04
2.120928002113942057e-05
