8.741087071939546149e-07
8.577980565860343631e-07
6.886917276460735593e-07
1.920666591104236431e-06
2.011981678151641972e-06
4.448320396477356553e-06
7.870546028243552428e-07
5.590146088252367917e-07
3.967312807162670651e-07
3.464323867774510290e-07
3.383906687304261141e-06
1.035583522934757639e-06
9.999740123748779297e-01
4.535296227459184593e-07
5.692166951121180318e-07
5.360458317227312364e-07
3.646759523689979687e-06
1.367249296890804544e-06
1.097733957067248411e-06
9.645742693464853801e-07
