4.426655825227499008e-03
3.475854406133294106e-03
2.837648382410407066e-03
4.379581660032272339e-03
4.202045500278472900e-03
8.468862622976303101e-03
3.226907458156347275e-03
2.769875805824995041e-03
4.002948757261037827e-03
2.028472023084759712e-03
6.145562510937452316e-03
3.034363966435194016e-03
6.477144546806812286e-03
2.238421933725476265e-03
3.651310456916689873e-03
2.654859097674489021e-03
9.220288395881652832e-01
3.549144836142659187e-03
6.588637828826904297e-03
3.812869079411029816e-03
