2.661889791488647461e-02
2.659660018980503082e-02
1.981601119041442871e-02
3.163681551814079285e-02
3.704168274998664856e-02
5.172318592667579651e-02
2.465116046369075775e-02
1.892536692321300507e-02
1.989941671490669250e-02
1.609402522444725037e-02
1.511252671480178833e-02
2.761472202837467194e-02
3.665592968463897705e-01
1.496457960456609726e-02
2.344099432229995728e-02
2.227440290153026581e-02
1.717115342617034912e-01
3.043345175683498383e-02
2.789174392819404602e-02
2.699360996484756470e-02
