3.305715741589665413e-03
1.906395191326737404e-03
1.946351490914821625e-03
2.694599330425262451e-03
2.259588567540049553e-03
4.935729317367076874e-03
3.620841540396213531e-03
1.688290620222687721e-03
2.821895526722073555e-03
1.229859190061688423e-03
9.209007024765014648e-01
3.362045856192708015e-03
2.156964503228664398e-02
2.498661633580923080e-03
2.922188723459839821e-03
1.201012637466192245e-03
1.324010640382766724e-02
2.205815166234970093e-03
3.577718976885080338e-03
2.112742513418197632e-03
