3.488778322935104370e-02
2.409225329756736755e-02
2.032293565571308136e-02
2.646853215992450714e-02
2.349303103983402252e-02
4.047945886850357056e-02
2.270747907459735870e-02
2.483046799898147583e-02
3.349699079990386963e-02
1.804361119866371155e-02
4.199498146772384644e-02
1.915891654789447784e-02
5.313747376203536987e-02
1.885628141462802887e-02
2.082563936710357666e-02
1.682727038860321045e-02
1.113832220435142517e-01
2.515869028866291046e-02
3.990274369716644287e-01
2.480753511190414429e-02
