1.120010165323037654e-05
1.067401080945273861e-05
9.914500878949183971e-06
2.406625753792468458e-05
1.976996645680628717e-05
3.976738298661075532e-05
1.216127111547393724e-05
6.821660008426988497e-06
5.869399046787293628e-06
4.820707090402720496e-06
1.260880526388064027e-04
1.451951993658440188e-05
9.996252059936523438e-01
6.610531272599473596e-06
7.016542440396733582e-06
6.762908014934509993e-06
2.949728150269947946e-05
2.084742118313442916e-05
5.477945705933962017e-06
1.292998604185413569e-05
