4.839196056127548218e-02
3.709790110588073730e-02
3.967436403036117554e-02
4.322220385074615479e-02
4.118775948882102966e-02
4.887287691235542297e-02
4.134956002235412598e-02
3.573545068502426147e-02
4.419356957077980042e-02
3.210918605327606201e-02
1.239467784762382507e-01
4.234442859888076782e-02
7.134006917476654053e-02
3.972557932138442993e-02
4.337162151932716370e-02
3.408969938755035400e-02
8.425290882587432861e-02
4.248030856251716614e-02
6.559330224990844727e-02
4.102046787738800049e-02
