2.980822464451193810e-04
1.345338969258591533e-04
1.106554846046492457e-04
2.213678671978414059e-04
1.654247607802972198e-04
1.114465645514428616e-03
3.467671631369739771e-04
1.230101770488545299e-04
2.412661415291950107e-04
6.366760499076917768e-05
9.238615036010742188e-01
2.011780889006331563e-04
4.491339623928070068e-02
1.368055818602442741e-04
2.174693654524162412e-04
5.744663576479069889e-05
1.008683466352522373e-03
1.371465186821296811e-04
2.653249539434909821e-02
1.147059956565499306e-04
