2.473756670951843262e-02
1.622568257153034210e-02
1.362171396613121033e-02
1.837262324988842010e-02
1.655334420502185822e-02
3.175200521945953369e-02
1.244410313665866852e-02
1.675833202898502350e-02
2.057989500463008881e-02
1.138956658542156219e-02
4.414127022027969360e-02
1.405862346291542053e-02
1.079628989100456238e-01
1.310756057500839233e-02
1.593192294239997864e-02
1.163247972726821899e-02
3.492130935192108154e-01
1.678879372775554657e-02
2.280573248863220215e-01
1.667119003832340240e-02
