1.076809421647340059e-04
6.340404797811061144e-05
3.722195106092840433e-05
8.027269359445199370e-05
6.420578574761748314e-05
3.431284567341208458e-04
3.451359589234925807e-05
5.062522905063815415e-05
1.017882241285406053e-04
2.473326458130031824e-05
1.511238166131079197e-03
4.857654130319133401e-05
1.420953340129926801e-04
3.317485243314877152e-05
6.181344360811635852e-05
2.971574576804414392e-05
9.949016571044921875e-01
5.965126547380350530e-05
2.231397898867726326e-03
7.317169365705922246e-05
