2.520128851756453514e-03
1.689755939878523350e-03
1.347724115476012230e-03
1.966374693438410759e-03
1.654044841416180134e-03
5.695974454283714294e-03
2.883559791371226311e-03
1.281270990148186684e-03
2.074035815894603729e-03
7.914675516076385975e-04
9.348371624946594238e-01
2.363717416301369667e-03
5.155512131750583649e-03
1.402293099090456963e-03
2.095236210152506828e-03
7.813683478161692619e-04
2.234579622745513916e-02
1.326572266407310963e-03
6.413758732378482819e-03
1.374251907691359520e-03
