5.195396393537521362e-02
4.491216689348220825e-02
4.182140901684761047e-02
4.839796200394630432e-02
4.985085129737854004e-02
5.446584895253181458e-02
4.718998819589614868e-02
4.214385896921157837e-02
4.745348170399665833e-02
4.094428941607475281e-02
4.899299889802932739e-02
4.474937915802001953e-02
4.575037956237792969e-02
4.156587645411491394e-02
4.537254571914672852e-02
4.357908293604850769e-02
1.152897775173187256e-01
4.668191075325012207e-02
5.175200849771499634e-02
4.713231697678565979e-02
