3.270526649430394173e-04
2.167106431443244219e-04
2.118173579219728708e-04
4.062327207066118717e-04
3.157309838570654392e-04
9.634675225242972374e-04
3.445309994276612997e-04
1.686325122136622667e-04
2.359280333621427417e-04
1.102412497857585549e-04
4.110163450241088867e-02
2.837268984876573086e-04
9.519464373588562012e-01
1.861919445218518376e-04
2.897188824135810137e-04
1.323161268373951316e-04
9.585332009010016918e-04
2.748696133494377136e-04
1.321747549809515476e-03
2.044660941464826465e-04
