3.224851354843849549e-07
3.147127074498712318e-07
1.700521892189499340e-07
5.828585472045233473e-07
7.026769139883981552e-07
2.752778755166218616e-06
1.659253143770911265e-07
1.792997750271752011e-07
1.386068220199376810e-07
8.992110878125458839e-08
4.731255103251896799e-07
2.672333323516795645e-07
9.999862909317016602e-01
9.964755776081801741e-08
2.085164965137664694e-07
1.359236136977415299e-07
3.650103053587372415e-06
4.133516142701409990e-07
2.810040314216166735e-06
3.099502521308750147e-07
