1.170076895505189896e-02
9.962202981114387512e-03
8.250815793871879578e-03
1.180339045822620392e-02
1.233431976288557053e-02
1.970746554434299469e-02
1.076968666166067123e-02
7.467834278941154480e-03
9.884412400424480438e-03
5.671286489814519882e-03
2.307130210101604462e-02
1.011286675930023193e-02
1.534214057028293610e-02
6.215508095920085907e-03
1.137142255902290344e-02
7.213354576379060745e-03
7.923227548599243164e-01
8.238694630563259125e-03
9.247065521776676178e-03
9.312674403190612793e-03
