7.753647514618933201e-04
3.370027698110789061e-04
2.790328580886125565e-04
5.529098561964929104e-04
4.212438361719250679e-04
2.150924410670995712e-03
8.673939737491309643e-04
3.049576189368963242e-04
6.108075613155961037e-04
1.780439924914389849e-04
9.351547956466674805e-01
4.687762120738625526e-04
1.665479876101016998e-02
3.261275705881416798e-04
5.351743893697857857e-04
1.417201856384053826e-04
9.652082808315753937e-04
3.362932475283741951e-04
3.862738609313964844e-02
3.120127075817435980e-04
