1.732823002384975553e-04
1.683298760326579213e-04
1.354512642137706280e-04
2.548367774579674006e-04
3.038656723219901323e-04
5.817660712637007236e-04
1.291381049668416381e-04
1.219579353346489370e-04
1.124135815189220011e-04
8.556224202038720250e-05
3.059887967538088560e-04
1.728576316963881254e-04
9.954012632369995117e-01
9.766036237124353647e-05
1.576159265823662281e-04
1.219481782754883170e-04
7.927342085167765617e-04
2.006949362112209201e-04
5.197596619836986065e-04
1.628557074582204223e-04
