5.720759741961956024e-03
3.055593697354197502e-03
2.273999853059649467e-03
3.671943675726652145e-03
3.314412198960781097e-03
1.135817635804414749e-02
3.606028622016310692e-03
3.173565492033958435e-03
5.126776639372110367e-03
1.796897500753402710e-03
2.885299921035766602e-01
3.041116055101156235e-03
3.566991537809371948e-02
2.463207812979817390e-03
3.539810888469219208e-03
1.439091283828020096e-03
1.689594797790050507e-02
2.761143725365400314e-03
5.995201468467712402e-01
3.041487419977784157e-03
