4.457249015104025602e-04
3.100121393799781799e-04
2.301012573298066854e-04
4.436542803887277842e-04
2.962001308333128691e-04
8.599695865996181965e-04
2.331822761334478855e-04
2.326300746062770486e-04
3.234572650399059057e-04
1.557119830977171659e-04
9.679174982011318207e-04
3.168693801853805780e-04
3.464471083134412766e-04
2.025348803726956248e-04
4.286214243620634079e-04
2.296275342814624310e-04
9.932169318199157715e-01
2.796050393953919411e-04
1.307194761466234922e-04
3.499071754049509764e-04
