2.156233787536621094e-02
1.567707955837249756e-02
1.101712416857481003e-02
1.658616960048675537e-02
1.641147024929523468e-02
3.275546804070472717e-02
1.318006310611963272e-02
1.501228753477334976e-02
1.755984686315059662e-02
1.028719265013933182e-02
2.270164713263511658e-02
1.207447424530982971e-02
2.069393545389175415e-01
1.093982998281717300e-02
1.419202703982591629e-02
1.013672072440385818e-02
7.359874993562698364e-02
1.670876890420913696e-02
4.469301104545593262e-01
1.572923921048641205e-02
