1.959108049049973488e-03
1.016041380353271961e-03
5.927099264226853848e-04
1.016051042824983597e-03
1.077846740372478962e-03
3.294560592621564865e-03
7.931097061373293400e-04
1.122720539569854736e-03
1.773856580257415771e-03
5.658434820361435413e-04
4.334421362727880478e-03
5.795427132397890091e-04
1.531362906098365784e-02
5.636503919959068298e-04
8.164924220182001591e-04
4.538240900728851557e-04
1.463442947715520859e-02
1.011083251796662807e-03
9.481098651885986328e-01
9.711144375614821911e-04
