2.804086252581328154e-04
2.141140284948050976e-04
1.635889930184930563e-04
3.017108538188040257e-04
2.305390808032825589e-04
6.787769380025565624e-04
1.535826886538416147e-04
1.331450039288029075e-04
2.179663133574649692e-04
9.212100849254056811e-05
5.839994410052895546e-04
2.143600286217406392e-04
9.255417971871793270e-04
1.187165107694454491e-04
2.917254169005900621e-04
1.430052652722224593e-04
9.947547912597656250e-01
1.988607400562614202e-04
8.549786434741690755e-05
2.175638510379940271e-04
