1.506758015602827072e-02
1.006831973791122437e-02
9.416325949132442474e-03
1.459451206028461456e-02
1.347055379301309586e-02
2.532494440674781799e-02
1.564543694257736206e-02
9.989758953452110291e-03
1.231101620942354202e-02
7.298226468265056610e-03
1.607554852962493896e-01
1.269485894590616226e-02
5.357816815376281738e-01
9.411631152033805847e-03
1.208678726106882095e-02
7.923045195639133453e-03
1.912920922040939331e-02
1.223653368651866913e-02
8.601366728544235229e-02
1.078047696501016617e-02
