8.151135407388210297e-03
5.371969658881425858e-03
5.973516032099723816e-03
8.691892027854919434e-03
7.867723703384399414e-03
1.525016315281391144e-02
1.178675051778554916e-02
4.653501324355602264e-03
6.928309798240661621e-03
3.832226851955056190e-03
4.867994487285614014e-01
8.402200415730476379e-03
3.674216866493225098e-01
6.187099032104015350e-03
7.178875152021646500e-03
4.240369889885187149e-03
1.345342770218849182e-02
7.228723261505365372e-03
1.476314291357994080e-02
5.817758850753307343e-03
