1.410252414643764496e-03
7.704340387135744095e-04
6.595045560970902443e-04
1.088348450139164925e-03
5.828055436722934246e-04
2.556679304689168930e-03
6.334948702715337276e-04
6.315223872661590576e-04
1.139111584052443504e-03
4.165198770351707935e-04
3.114502876996994019e-02
1.116601983085274696e-03
2.209261758252978325e-03
7.599107921123504639e-04
1.458011916838586330e-03
5.392877501435577869e-04
9.504182338714599609e-01
1.001967466436326504e-03
4.834868013858795166e-04
9.795647347345948219e-04
