1.661411442910321057e-05
1.139189134846674278e-05
6.811848379584262148e-06
1.742242238833568990e-05
1.184236043627606705e-05
5.364099706639535725e-05
7.842506420274730772e-06
7.151484624046133831e-06
1.303936278418404981e-05
4.129471562919206917e-06
9.033192327478900552e-05
1.067602352122776210e-05
1.136451373895397410e-05
5.675749889633152634e-06
1.477684236306231469e-05
6.544902134919539094e-06
9.996821880340576172e-01
9.721418791741598397e-06
5.902200882701436058e-06
1.312623680860269815e-05
