1.750100031495094299e-02
1.502125989645719528e-02
1.302678417414426804e-02
1.698044687509536743e-02
2.039418555796146393e-02
3.024577163159847260e-02
1.353589165955781937e-02
1.265256572514772415e-02
1.442435290664434433e-02
1.014118362218141556e-02
1.804129965603351593e-02
1.517894864082336426e-02
6.128100752830505371e-01
1.139166485518217087e-02
1.592669822275638580e-02
1.201494224369525909e-02
6.368640065193176270e-02
1.713802851736545563e-02
5.436990410089492798e-02
1.551860012114048004e-02
