1.715501537546515465e-03
1.734270597808063030e-03
1.385920098982751369e-03
2.609507413581013680e-03
2.770357532426714897e-03
4.018330480903387070e-03
1.730811549350619316e-03
1.250194618478417397e-03
9.900927543640136719e-04
1.015209825709462166e-03
2.646230394020676613e-03
2.035393845289945602e-03
9.650930166244506836e-01
1.036259462125599384e-03
1.192346913740038872e-03
1.275548827834427357e-03
2.046773210167884827e-03
2.308490453287959099e-03
1.066765398718416691e-03
2.078915946185588837e-03
