4.962573293596506119e-04
3.692309255711734295e-04
2.515624510124325752e-04
4.806018841918557882e-04
4.016425518784672022e-04
1.128467032685875893e-03
3.256702329963445663e-04
2.551811339799314737e-04
3.824082668870687485e-04
1.670576748438179493e-04
2.311994088813662529e-03
3.874077810905873775e-04
3.854909737128764391e-04
2.239654568256810308e-04
4.479048366192728281e-04
2.341532817808911204e-04
9.909192323684692383e-01
3.035522240679711103e-04
1.609896717127412558e-04
3.673681057989597321e-04
