8.831969171296805143e-05
7.886414823587983847e-05
7.149469456635415554e-05
1.270764623768627644e-04
1.287659542867913842e-04
2.728948020376265049e-04
5.953137224423699081e-05
5.442775727715343237e-05
5.687363955075852573e-05
3.825437670457176864e-05
1.393791753798723221e-04
9.881946607492864132e-05
9.952065348625183105e-01
5.198517828830517828e-05
8.658543083583936095e-05
6.218311318662017584e-05
3.066697390750050545e-03
1.092376478482037783e-04
1.230453199241310358e-04
7.908972474979236722e-05
