9.003303013741970062e-03
5.865255836397409439e-03
6.048011127859354019e-03
9.630202315747737885e-03
8.779477328062057495e-03
1.615898683667182922e-02
8.202742785215377808e-03
5.603544414043426514e-03
6.913329940289258957e-03
4.228543024510145187e-03
1.135003492236137390e-01
6.780150346457958221e-03
7.067983746528625488e-01
5.484983790665864944e-03
7.046473678201436996e-03
4.614097531884908676e-03
1.053447835147380829e-02
6.981083657592535019e-03
5.099554732441902161e-02
6.831063423305749893e-03
