1.681692665442824364e-03
1.247717184014618397e-03
9.760870016179978848e-04
1.719729392789304256e-03
1.279485877603292465e-03
2.841367619112133980e-03
1.059227273799479008e-03
9.404154261574149132e-04
1.428894931450486183e-03
7.381658651866018772e-04
1.851899083703756332e-03
1.228133100084960461e-03
1.783470273949205875e-03
8.987041655927896500e-04
1.653383951634168625e-03
1.047251280397176743e-03
9.741662740707397461e-01
1.280144322663545609e-03
7.368628866970539093e-04
1.441096537746489048e-03
