1.330189290456473827e-03
1.148224575445055962e-03
9.125623037107288837e-04
1.802493352442979813e-03
1.487845205701887608e-03
3.942545503377914429e-03
8.155984687618911266e-04
7.232665084302425385e-04
9.648705017752945423e-04
5.015069036744534969e-04
1.459472579881548882e-03
1.228380948305130005e-03
1.158740296959877014e-01
6.325099384412169456e-04
1.466918503865599632e-03
7.970589213073253632e-04
8.616819977760314941e-01
1.311218715272843838e-03
6.918914732523262501e-04
1.227392698638141155e-03
