8.332755896844901145e-06
5.485530436999397352e-06
3.447175458859419450e-06
8.710585461813025177e-06
6.226896857697283849e-06
2.993263296957593411e-05
3.403497657927800901e-06
3.541089654390816577e-06
7.209101568150799721e-06
1.994299964280799031e-06
3.313828710815869272e-05
4.755251211463473737e-06
7.839000318199396133e-06
2.702644906094064936e-06
7.467481736966874450e-06
3.439501369939534925e-06
9.998444318771362305e-01
5.340571988199371845e-06
5.778286322311032563e-06
6.754103196726646274e-06
