1.066288352012634277e-02
7.718534208834171295e-03
7.440216373652219772e-03
1.124247815459966660e-02
9.914737194776535034e-03
1.890781521797180176e-02
1.010794378817081451e-02
6.889131385833024979e-03
8.953425101935863495e-03
5.411961581557989120e-03
1.272424459457397461e-01
8.762032724916934967e-03
6.730909347534179688e-01
7.080433424562215805e-03
9.328193962574005127e-03
5.656281951814889908e-03
1.881903596222400665e-02
8.939702995121479034e-03
3.598515689373016357e-02
7.846550084650516510e-03
