5.347397178411483765e-02
4.691550880670547485e-02
4.512452706694602966e-02
5.024757981300354004e-02
5.234316736459732056e-02
5.176021903753280640e-02
5.095447599887847900e-02
4.518486559391021729e-02
4.751930385828018188e-02
4.322401434183120728e-02
5.607105791568756104e-02
4.833695665001869202e-02
5.194063484668731689e-02
4.589845985174179077e-02
4.812409356236457825e-02
4.661799222230911255e-02
6.587235629558563232e-02
5.174645781517028809e-02
4.869234934449195862e-02
4.995199665427207947e-02
