1.303604338318109512e-02
1.046493928879499435e-02
9.134884923696517944e-03
1.190040633082389832e-02
1.224068086594343185e-02
2.369561977684497833e-02
1.658400334417819977e-02
8.274960331618785858e-03
1.159272808581590652e-02
6.110074929893016815e-03
6.355951428413391113e-01
1.344260945916175842e-02
2.443017810583114624e-02
9.304249659180641174e-03
1.193933468312025070e-02
6.459971889853477478e-03
1.422827392816543579e-01
9.285089559853076935e-03
1.500760018825531006e-02
9.218835271894931793e-03
