5.041210912168025970e-03
2.844495931640267372e-03
1.975040184333920479e-03
3.000845899805426598e-03
2.932086354121565819e-03
7.852916605770587921e-03
2.308225026354193687e-03
3.064978169277310371e-03
4.442440811544656754e-03
1.654703286476433277e-03
2.323760464787483215e-02
1.930093625560402870e-03
6.439775228500366211e-02
1.980922883376479149e-03
2.492676256224513054e-03
1.486707828007638454e-03
1.963031850755214691e-02
2.749873092398047447e-03
8.443555235862731934e-01
2.621537540107965469e-03
