2.800754446070641279e-04
1.363455230602994561e-04
7.485460810130462050e-05
1.326561905443668365e-04
1.192516938317567110e-04
6.012218655087053776e-04
9.650088031776249409e-05
1.666487369220703840e-04
3.062901087105274200e-04
6.319020758382976055e-05
4.030441399663686752e-03
7.659407856408506632e-05
2.135525923222303391e-03
7.414829451590776443e-05
1.052236984833143651e-04
4.554971746983937919e-05
3.000110853463411331e-03
1.223786530317738652e-04
9.883033037185668945e-01
1.296865812037140131e-04
