5.173966288566589355e-03
3.915666136890649796e-03
3.394961589947342873e-03
5.173598881810903549e-03
4.271947313100099564e-03
8.354939520359039307e-03
3.883870085701346397e-03
3.104181494563817978e-03
4.149686079472303391e-03
2.313143340870738029e-03
9.725712239742279053e-03
4.217141307890415192e-03
5.902755539864301682e-03
2.885406138375401497e-03
4.893943667411804199e-03
3.001455450430512428e-03
9.149698019027709961e-01
3.740663174539804459e-03
2.808568300679326057e-03
4.118604585528373718e-03
