5.590506480075418949e-04
3.175732272211462259e-04
3.076264401897788048e-04
4.627280286513268948e-04
3.591453423723578453e-04
1.331465551629662514e-03
7.827991503290832043e-04
2.413164911558851600e-04
4.893391160294413567e-04
1.643273717490956187e-04
9.840230941772460938e-01
6.018106359988451004e-04
3.601935459300875664e-03
3.636933979578316212e-04
5.395709886215627193e-04
1.587735023349523544e-04
4.151965491473674774e-03
3.109280660282820463e-04
9.434137609787285328e-04
2.894822973757982254e-04
