8.332587312906980515e-04
6.318045780062675476e-04
4.581061366479843855e-04
8.655459387227892876e-04
7.349082734435796738e-04
1.722578541375696659e-03
5.355800967663526535e-04
4.109617439098656178e-04
6.490412051789462566e-04
3.179533232469111681e-04
1.129002543166279793e-03
5.913753993809223175e-04
9.225985268130898476e-04
3.866466868203133345e-04
7.920665084384381771e-04
4.582791589200496674e-04
9.869679808616638184e-01
5.926434532739222050e-04
3.141927300021052361e-04
6.855689571239054203e-04
