1.009485800750553608e-03
9.996289154514670372e-04
7.797522703185677528e-04
1.397384912706911564e-03
1.585623831488192081e-03
2.862039487808942795e-03
7.977526984177529812e-04
6.260229274630546570e-04
5.725132068619132042e-04
4.904952947981655598e-04
1.075145322829484940e-03
1.053450512699782848e-03
9.785286188125610352e-01
5.428848089650273323e-04
7.315485854633152485e-04
6.546642398461699486e-04
3.304723650217056274e-03
1.398907159455120564e-03
4.967643762938678265e-04
1.092599239200353622e-03
