1.217360701411962509e-02
1.086144987493753433e-02
7.958665490150451660e-03
1.370189059525728226e-02
1.336110942065715790e-02
2.381017059087753296e-02
1.098023727536201477e-02
7.578866556286811829e-03
1.089832000434398651e-02
6.490515545010566711e-03
9.378262795507907867e-03
9.667179547250270844e-03
3.146192803978919983e-02
6.917263846844434738e-03
1.149119436740875244e-02
8.662584237754344940e-03
7.714267373085021973e-01
1.214048825204372406e-02
8.930436335504055023e-03
1.210904866456985474e-02
