1.844644793891347945e-05
1.799172969185747206e-05
1.561752287670969963e-05
3.677390122902579606e-05
3.383308285265229642e-05
6.649912393186241388e-05
1.823251113819424063e-05
1.282235280086752027e-05
9.641885299060959369e-06
9.019355275086127222e-06
7.694724627071991563e-05
2.359187965339515358e-05
9.995001554489135742e-01
1.148064802691806108e-05
1.319419970968738198e-05
1.317630631092470139e-05
5.166481787455268204e-05
3.025931073352694511e-05
1.996370883716735989e-05
2.068435242108535022e-05
