5.183713938095024787e-07
6.213584811121108942e-07
4.143618639318447094e-07
1.050206265063025057e-06
1.412307028658688068e-06
4.036131485918303952e-06
3.927100920009252150e-07
3.260058747400762513e-07
2.542376762448839145e-07
1.876443036508135265e-07
8.265748192570754327e-07
7.234377221720933449e-07
9.999803304672241211e-01
2.140644852488549077e-07
4.421935955178923905e-07
3.520331119943875819e-07
5.560213139688130468e-06
9.280995527660707012e-07
8.251784038293408230e-07
5.818743034069484565e-07
