1.772613273942624801e-07
1.415742048038737266e-07
9.523787980469933245e-08
3.012465299434552435e-07
3.228419416245742468e-07
1.404706722496484872e-06
1.022911604309229006e-07
8.994747702217864571e-08
9.156089930684174760e-08
4.212586546259444731e-08
1.555724224999721628e-06
1.328007073198023136e-07
9.999858140945434570e-01
5.852648143900296418e-08
1.227334536224589101e-07
6.458599699499245617e-08
2.441061724312021397e-06
1.838975123291675118e-07
6.701077836623881012e-06
1.292060716195919667e-07
