2.990441680594813079e-05
9.064066034625284374e-06
4.093005827598972246e-06
1.399971370119601488e-05
1.084276482288260013e-05
1.226706808665767312e-04
9.482884706812910736e-06
1.087406781152822077e-05
2.072141614917200059e-05
3.418754658923717216e-06
2.797934226691722870e-03
4.864733455178793520e-06
1.381319109350442886e-02
4.417704531078925356e-06
8.712795533938333392e-06
2.187656491514644586e-06
9.020539437187835574e-05
8.463871381536591798e-06
9.830262064933776855e-01
8.762543075135909021e-06
