3.299583494663238525e-02
2.613686025142669678e-02
2.065115422010421753e-02
2.914218604564666748e-02
3.210830688476562500e-02
4.302155971527099609e-02
2.619561180472373962e-02
2.160281129181385040e-02
2.759663201868534088e-02
1.864230819046497345e-02
2.184065990149974823e-02
2.387304604053497314e-02
4.386173561215400696e-02
1.870044693350791931e-02
2.843969129025936127e-02
2.265918627381324768e-02
4.610646367073059082e-01
2.757817506790161133e-02
4.707289859652519226e-02
2.681627124547958374e-02
