2.314908633707091212e-04
1.039218332152813673e-04
8.708693349035456777e-05
2.400583180133253336e-04
1.726623595459386706e-04
8.737281896173954010e-04
2.623187319841235876e-04
8.227716898545622826e-05
1.325810153502970934e-04
4.432690911926329136e-05
1.072093397378921509e-01
1.230372290592640638e-04
8.816763162612915039e-01
8.168056956492364407e-05
1.417953899363055825e-04
4.940169310430064797e-05
1.533524773549288511e-04
1.257270632777363062e-04
8.104782551527023315e-03
1.041221185005269945e-04
