2.225428586825728416e-03
1.608811551705002785e-03
1.135379425249993801e-03
1.966823125258088112e-03
1.690835459157824516e-03
5.374124739319086075e-03
1.470196992158889771e-03
1.342101371847093105e-03
1.959742046892642975e-03
7.860707701183855534e-04
4.033183306455612183e-02
1.628409256227314472e-03
3.034519264474511147e-03
1.093649654649198055e-03
1.805522013455629349e-03
9.545206557959318161e-04
9.168065786361694336e-01
1.244216808117926121e-03
1.199194509536027908e-02
1.549438107758760452e-03
