2.432214969303458929e-04
9.789219620870426297e-05
5.193485412746667862e-05
1.220738631673157215e-04
1.061279981513507664e-04
6.440099095925688744e-04
8.157068805303424597e-05
1.101727975765243173e-04
2.010975003940984607e-04
4.316651029512286186e-05
8.248281665146350861e-03
5.476485603139735758e-05
4.965389519929885864e-02
5.833509203512221575e-05
9.397623944096267223e-05
3.173182267346419394e-05
1.356027089059352875e-03
8.491551852785050869e-05
9.386303424835205078e-01
8.643209002912044525e-05
