3.926158417016267776e-03
3.201768966391682625e-03
2.466912847012281418e-03
3.917814232409000397e-03
3.735556965693831444e-03
6.950636394321918488e-03
3.208559472113847733e-03
2.297771628946065903e-03
3.117470769211649895e-03
1.643561292439699173e-03
5.540193524211645126e-03
3.195956116542220116e-03
4.024488851428031921e-03
1.824483508244156837e-03
3.714819904416799545e-03
2.165586454793810844e-03
9.373294115066528320e-01
2.667153719812631607e-03
1.986436313018202782e-03
3.085201373323798180e-03
