3.141046687960624695e-02
2.062732167541980743e-02
1.713026687502861023e-02
2.155570313334465027e-02
2.079007588326931000e-02
3.662582859396934509e-02
1.943191327154636383e-02
2.187342569231987000e-02
2.948386967182159424e-02
1.577821932733058929e-02
4.410457611083984375e-02
1.678354106843471527e-02
5.172450095415115356e-02
1.601264998316764832e-02
1.803419180214405060e-02
1.413193158805370331e-02
8.371929079294204712e-02
2.246885001659393311e-02
4.769848287105560303e-01
2.132855169475078583e-02
