5.113184917718172073e-03
3.449902404099702835e-03
2.971480134874582291e-03
4.430381581187248230e-03
3.768135793507099152e-03
8.339053019881248474e-03
3.260780591517686844e-03
2.662125742062926292e-03
4.137237090617418289e-03
1.949066878296434879e-03
6.171679869294166565e-02
4.621576517820358276e-03
1.652695983648300171e-02
3.074593376368284225e-03
5.068482831120491028e-03
2.615981269627809525e-03
8.571250438690185547e-01
3.568445099517703056e-03
2.016386715695261955e-03
3.584355581551790237e-03
