4.449657630175352097e-03
3.410475328564643860e-03
3.344179363921284676e-03
5.222149193286895752e-03
5.461456254124641418e-03
1.273475773632526398e-02
5.696012638509273529e-03
2.285581082105636597e-03
3.809301881119608879e-03
1.544475671835243702e-03
3.947142362594604492e-01
5.387150216847658157e-03
3.577729463577270508e-01
2.559183863922953606e-03
3.693758975714445114e-03
2.015249338001012802e-03
1.769875288009643555e-01
3.942392300814390182e-03
2.177483635023236275e-03
2.791979350149631500e-03
