7.604656275361776352e-05
5.319929550751112401e-05
3.785111766774207354e-05
7.872677815612405539e-05
4.366312714410014451e-05
1.907430414576083422e-04
3.612799264374189079e-05
3.903905235347338021e-05
5.831037560710683465e-05
2.309888077434152365e-05
3.833232040051370859e-04
5.534446972887963057e-05
5.578397394856438041e-05
3.230336369597353041e-05
6.785028381273150444e-05
3.330079198349267244e-05
9.986081719398498535e-01
4.938011625199578702e-05
1.768299989635124803e-05
6.007929550833068788e-05
