8.247558958828449249e-03
5.552986636757850647e-03
4.816594533622264862e-03
8.351186290383338928e-03
8.315197192132472992e-03
2.025819942355155945e-02
9.151251055300235748e-03
5.198339466005563736e-03
5.905631929636001587e-03
3.585144178941845894e-03
9.563143551349639893e-02
6.958021316677331924e-03
6.802558898925781250e-01
4.318331833928823471e-03
6.647620815783739090e-03
3.959875553846359253e-03
9.412483312189579010e-03
6.587508600205183029e-03
1.007743105292320251e-01
6.072480697184801102e-03
