2.717412426136434078e-04
1.974210899788886309e-04
1.443021028535440564e-04
2.684032951947301626e-04
2.336801408091560006e-04
6.823682342655956745e-04
1.475806493544951081e-04
1.364499621558934450e-04
2.528943587094545364e-04
9.592436254024505615e-05
4.938893835060298443e-04
1.797088625608012080e-04
5.272734561003744602e-04
1.213362265843898058e-04
2.589320938568562269e-04
1.408450043527409434e-04
9.950908422470092773e-01
2.072543429676443338e-04
3.141279157716780901e-04
2.349050337215885520e-04
