1.133929565548896790e-02
8.586512878537178040e-03
7.101754657924175262e-03
1.079048216342926025e-02
9.789412841200828552e-03
1.861031912267208099e-02
7.324855308979749680e-03
7.030275184661149979e-03
1.055548433214426041e-02
5.778075661510229111e-03
1.309192087501287460e-02
7.560874801129102707e-03
1.992600038647651672e-02
6.575507577508687973e-03
8.980049751698970795e-03
7.021741475909948349e-03
8.033318519592285156e-01
9.738924913108348846e-03
1.693485490977764130e-02
9.931931272149085999e-03
