4.101038724184036255e-02
3.487890213727951050e-02
2.837982960045337677e-02
3.968435153365135193e-02
3.647756949067115784e-02
4.821275174617767334e-02
3.245769813656806946e-02
3.028496541082859039e-02
3.450810909271240234e-02
2.696070820093154907e-02
5.376467108726501465e-02
3.480657562613487244e-02
3.133028745651245117e-02
2.891408838331699371e-02
3.603777289390563965e-02
3.273678943514823914e-02
3.321489095687866211e-01
3.660615906119346619e-02
2.402375265955924988e-02
3.677566722035408020e-02
