8.059311085162335075e-07
9.370780844619730487e-07
5.256130179986939766e-07
1.686943164713738952e-06
1.952595312104676850e-06
6.035756996425334364e-06
6.064765329938381910e-07
5.041055715082620736e-07
3.316906713735079393e-07
2.834891006386897061e-07
1.223600634148169775e-06
1.039730705088004470e-06
9.999748468399047852e-01
3.257464697981049540e-07
5.608424089587060735e-07
4.912333793072320987e-07
3.942759576602838933e-06
1.453749291613348760e-06
1.521541435067774728e-06
9.682515837994287722e-07
