8.483709534630179405e-04
7.647071033716201782e-04
5.721435300074517727e-04
1.157328952103853226e-03
1.177031197585165501e-03
3.036331152543425560e-03
4.888133844360709190e-04
4.412078124005347490e-04
6.059915176592767239e-04
3.147343231830745935e-04
1.089485595002770424e-03
7.469434640370309353e-04
2.885903120040893555e-01
3.831973590422421694e-04
8.910305332392454147e-04
5.178368883207440376e-04
6.959747076034545898e-01
8.592074736952781677e-04
8.375667966902256012e-04
7.031417917460203171e-04
