2.475092746317386627e-02
1.990645937621593475e-02
1.821806281805038452e-02
3.048729337751865387e-02
2.722456678748130798e-02
4.031058773398399353e-02
3.077664412558078766e-02
1.690741628408432007e-02
1.585882157087326050e-02
1.499268133193254471e-02
8.561787754297256470e-02
2.556384354829788208e-02
5.134572386741638184e-01
1.705789566040039062e-02
1.869166083633899689e-02
1.613418199121952057e-02
1.836919784545898438e-02
2.789113856852054596e-02
1.437135413289070129e-02
2.341216243803501129e-02
