3.483673557639122009e-03
2.043999033048748970e-03
1.268608146347105503e-03
2.119605196639895439e-03
1.950490404851734638e-03
5.704553797841072083e-03
1.561359851621091366e-03
2.285905648022890091e-03
3.244610503315925598e-03
1.164614339359104633e-03
1.178681943565607071e-02
1.193077419884502888e-03
2.481250092387199402e-02
1.271317363716661930e-03
1.575888367369771004e-03
9.345043217763304710e-04
1.227013580501079559e-02
1.915130880661308765e-03
9.175125360488891602e-01
1.900674076750874519e-03
