2.380812511546537280e-04
2.548601478338241577e-04
1.851222914410755038e-04
3.597004979383200407e-04
4.563553084153681993e-04
8.832717430777847767e-04
1.971014862647280097e-04
1.525387633591890335e-04
1.337127032456919551e-04
1.124711707234382629e-04
2.949135960079729557e-04
2.708316314965486526e-04
9.946033358573913574e-01
1.231054629897698760e-04
1.790335227269679308e-04
1.735269179334864020e-04
6.043107714504003525e-04
3.341383417136967182e-04
1.666009193286299706e-04
2.769003913272172213e-04
