6.199462222866714001e-04
5.410094163380563259e-04
5.398549255914986134e-04
9.869916830211877823e-04
9.450631332583725452e-04
1.280995435081422329e-03
7.026472594588994980e-04
4.461742646526545286e-04
4.022338835056871176e-04
3.589546249713748693e-04
2.618831582367420197e-03
7.157473010011017323e-04
9.857382774353027344e-01
4.561046662274748087e-04
4.167988954577594995e-04
4.239987174514681101e-04
8.666272042319178581e-04
8.036936633288860321e-04
4.634191573131829500e-04
6.727508152835071087e-04
