1.991354858787985904e-09
2.170436497195282755e-09
1.649160252803483218e-09
5.343075759611792819e-09
6.158493714991664092e-09
2.444457969374980166e-08
1.447704289780915587e-09
9.608611684086554305e-10
7.854954464647789791e-10
4.951290488719450877e-10
1.285961293007176209e-08
2.857603265127295344e-09
1.000000000000000000e+00
7.500613463662375580e-10
1.487555301160625731e-09
1.096442381331996785e-09
5.096864796882982773e-08
3.954304439446332253e-09
2.413122590638749898e-09
2.220127637286850586e-09
