4.067498259246349335e-03
1.905047800391912460e-03
1.484324806369841099e-03
2.442333614453673363e-03
2.040582709014415741e-03
8.445004932582378387e-03
2.714081900194287300e-03
1.915163127705454826e-03
3.793592797592282295e-03
1.075664418749511242e-03
5.588806271553039551e-01
2.211745129898190498e-03
2.643783576786518097e-02
1.739122322760522366e-03
2.857737708836793900e-03
8.669144590385258198e-04
1.097943913191556931e-02
1.996061764657497406e-03
3.621230423450469971e-01
2.024231711402535439e-03
