5.029447376728057861e-03
3.697580425068736076e-03
3.177361330017447472e-03
4.900005180388689041e-03
3.819024190306663513e-03
7.307338993996381760e-03
2.777887741103768349e-03
2.986992243677377701e-03
3.966003656387329102e-03
2.333086915314197540e-03
5.655264016240835190e-03
3.940991591662168503e-03
9.338223375380039215e-03
2.915649674832820892e-03
4.980345256626605988e-03
3.313481342047452927e-03
9.195597171783447266e-01
3.876524511724710464e-03
2.175227040424942970e-03
4.249780904501676559e-03
