9.573027491569519043e-04
7.059397757984697819e-04
5.275146686471998692e-04
9.881128789857029915e-04
7.480854401364922523e-04
1.863482058979570866e-03
5.654411506839096546e-04
5.219246377237141132e-04
8.173818932846188545e-04
3.856617258861660957e-04
1.323372707702219486e-03
6.203331286087632179e-04
8.576097316108644009e-04
4.202811105642467737e-04
8.752178982831537724e-04
5.350679275579750538e-04
9.850053787231445312e-01
6.843574228696525097e-04
7.748250500299036503e-04
8.226711652241647243e-04
