1.406243722885847092e-02
9.002388454973697662e-03
7.575531955808401108e-03
1.051864214241504669e-02
1.048307586461305618e-02
2.100669220089912415e-02
6.887046620249748230e-03
8.540841750800609589e-03
1.268706098198890686e-02
6.486614234745502472e-03
2.114484831690788269e-02
8.677057921886444092e-03
4.162550345063209534e-02
8.152278140187263489e-03
1.011308468878269196e-02
6.860962603241205215e-03
6.914128065109252930e-01
1.033859420567750931e-02
8.409512788057327271e-02
1.032942347228527069e-02
