1.330977393081411719e-04
7.498180639231577516e-05
5.258896635496057570e-05
1.121348104788921773e-04
6.088610462029464543e-05
3.230771690141409636e-04
6.441841833293437958e-05
5.243592386250384152e-05
9.027047781273722649e-05
2.881172986235469580e-05
4.321125335991382599e-03
1.034754750435240567e-04
1.458933402318507433e-04
5.247354056336916983e-05
1.215570373460650444e-04
4.112595706828869879e-05
9.940499067306518555e-01
7.535974873462691903e-05
1.882330616354010999e-05
7.759066647849977016e-05
