8.844752795994281769e-03
7.525222841650247574e-03
7.745414040982723236e-03
1.092299260199069977e-02
9.680668823421001434e-03
1.578881405293941498e-02
7.683874573558568954e-03
6.016383878886699677e-03
6.752948742359876633e-03
4.749822430312633514e-03
3.535939380526542664e-02
9.556892327964305878e-03
7.941263914108276367e-01
6.160514894872903824e-03
8.831813000142574310e-03
6.515689659863710403e-03
2.976771444082260132e-02
1.007380895316600800e-02
5.628525279462337494e-03
8.268347941339015961e-03
