8.303052745759487152e-04
6.561793270520865917e-04
7.202203269116580486e-04
1.095404149964451790e-03
1.115788356401026249e-03
2.231209771707653999e-03
7.930685533210635185e-04
5.083507858216762543e-04
6.622064975090324879e-04
3.839378186967223883e-04
1.024156529456377029e-02
9.118966409005224705e-04
9.706441760063171387e-01
5.453090416267514229e-04
8.626042981632053852e-04
5.137883708812296391e-04
4.096637479960918427e-03
8.710611728020012379e-04
1.534541253931820393e-03
7.817712030373513699e-04
