8.203657343983650208e-03
4.931991454213857651e-03
3.762073814868927002e-03
5.460164044052362442e-03
6.240640766918659210e-03
1.372303627431392670e-02
5.599615164101123810e-03
5.372657440602779388e-03
7.905436679720878601e-03
3.370516700670123100e-03
7.972130179405212402e-02
4.316798411309719086e-03
4.502563551068305969e-02
4.037877544760704041e-03
5.126182921230792999e-03
2.872155746445059776e-03
2.206118032336235046e-02
4.592759069055318832e-03
7.624334692955017090e-01
5.242802202701568604e-03
