2.761806175112724304e-02
1.859918981790542603e-02
1.629355363547801971e-02
2.048511244356632233e-02
1.632483117282390594e-02
3.592526912689208984e-02
1.590264402329921722e-02
1.779216341674327850e-02
2.686212025582790375e-02
1.276176888495683670e-02
1.750816851854324341e-01
1.857591047883033752e-02
4.242937266826629639e-02
1.701250299811363220e-02
2.135195024311542511e-02
1.315676607191562653e-02
3.214586973190307617e-01
2.128653973340988159e-02
1.414683163166046143e-01
1.961355842649936676e-02
