3.612809814512729645e-03
2.477143425494432449e-03
1.777044730260968208e-03
2.955860691145062447e-03
2.475909190252423286e-03
8.643639273941516876e-03
1.863043638877570629e-03
2.283825771883130074e-03
3.660500282421708107e-03
1.315031433477997780e-03
2.998501621186733246e-02
1.835942384786903858e-03
6.333792582154273987e-03
1.569336280226707458e-03
2.201167168095707893e-03
1.355833956040441990e-03
8.411503434181213379e-01
2.449374413117766380e-03
7.931195199489593506e-02
2.742479788139462471e-03
