9.470635404795757495e-07
1.023920276566059329e-06
7.298482955775398295e-07
1.860452925939171109e-06
2.213862671851529740e-06
6.112746177677763626e-06
7.758887363706890028e-07
5.714343842555535957e-07
4.664871937620773679e-07
3.576602978228038410e-07
2.518489509384380654e-06
1.126154415942437481e-06
9.999686479568481445e-01
4.533299886588793015e-07
7.415686695821932517e-07
5.623213610306265764e-07
6.587781626876676455e-06
1.653930780776136089e-06
1.510126253378984984e-06
1.005397962217102759e-06
