2.439359195705037564e-05
1.412249366694595665e-05
9.030235560203436762e-06
2.245389987365342677e-05
1.406637420586775988e-05
6.517855217680335045e-05
1.094092385756084695e-05
9.207559742208104581e-06
1.664887167862616479e-05
4.351646111899754032e-06
3.778490645345300436e-04
1.828252425184473395e-05
5.247022636467590928e-05
8.487079867336433381e-06
2.275138467666693032e-05
8.041506589506752789e-06
9.992916584014892578e-01
1.384177357977023348e-05
2.045388100668787956e-06
1.402562611474422738e-05
