4.901890642940998077e-03
2.701574936509132385e-03
1.612328924238681793e-03
3.094030311331152916e-03
2.600701991468667984e-03
9.609557688236236572e-03
1.934258616529405117e-03
2.593964571133255959e-03
4.598644562065601349e-03
1.371637219563126564e-03
1.230458915233612061e-02
1.720817410387098789e-03
9.763217531144618988e-03
1.461040345020592213e-03
2.172895241528749466e-03
1.288305502384901047e-03
5.515382289886474609e-01
2.797384979203343391e-03
3.789503872394561768e-01
2.984605496749281883e-03
