1.571863103890791535e-04
7.111261220416054130e-05
5.514817530638538301e-05
1.153954654000699520e-04
5.114122905069962144e-05
4.442523350007832050e-04
6.916339771123602986e-05
4.664924199460074306e-05
1.175050128949806094e-04
2.509042133169714361e-05
5.263450741767883301e-02
1.299833675147965550e-04
3.539652971085160971e-04
6.813405343564227223e-05
1.694329694146290421e-04
3.312270564492791891e-05
9.452677965164184570e-01
8.320815686602145433e-05
2.460472751408815384e-05
8.253370469901710749e-05
