5.511986673809587955e-04
4.003358480986207724e-04
2.858412626665085554e-04
5.970638012513518333e-04
4.592697659973055124e-04
1.107073971070349216e-03
3.337920934427529573e-04
2.713363792281597853e-04
4.195927758701145649e-04
2.045047149294987321e-04
4.122792161069810390e-04
3.851703659165650606e-04
7.922728545963764191e-04
2.389985747868195176e-04
5.168674979358911514e-04
2.993046364281326532e-04
9.916893243789672852e-01
4.069971910212188959e-04
1.829036773415282369e-04
4.458235052879899740e-04
