2.300116757396608591e-04
1.203747669933363795e-04
6.032124292687512934e-05
1.493994932388886809e-04
1.346441276837140322e-04
1.509403111413121223e-03
1.284311583731323481e-04
1.054868407663889229e-04
2.392904134467244148e-04
3.552019552444107831e-05
1.688113063573837280e-01
8.488409366691485047e-05
8.543501608073711395e-04
5.167842755327001214e-05
1.146369759226217866e-04
2.897291051340289414e-05
1.501749604940414429e-01
7.363795884884893894e-05
6.769758462905883789e-01
1.169151510111987591e-04
