2.190783247351646423e-02
1.716116443276405334e-02
1.308704260736703873e-02
1.911323890089988708e-02
2.169136516749858856e-02
3.486021980643272400e-02
1.595667004585266113e-02
1.530455332249403000e-02
1.807468943297863007e-02
1.200686860829591751e-02
2.243323810398578644e-02
1.380435004830360413e-02
3.913275301456451416e-01
1.190523337572813034e-02
1.586370542645454407e-02
1.246874779462814331e-02
5.718888342380523682e-02
1.711320318281650543e-02
2.516910433769226074e-01
1.704043522477149963e-02
