2.956146090582478791e-06
2.144213567589758895e-06
2.240544972664793022e-06
5.592813977273181081e-06
4.835955678572645411e-06
1.493741547164972872e-05
3.107444854322238825e-06
1.357596602247213013e-06
1.768143874869565479e-06
8.871737122717604507e-07
1.182000196422450244e-04
2.979828650495619513e-06
9.998088479042053223e-01
1.364809122605947778e-06
2.466403202561195940e-06
1.403456622028897982e-06
1.177091598947299644e-05
3.306552116555394605e-06
7.464324426109669730e-06
2.376148131588706747e-06
