1.607752172276377678e-03
8.957543177530169487e-04
6.190393469296395779e-04
1.154506695456802845e-03
9.369680192321538925e-04
3.697861451655626297e-03
6.492180982604622841e-04
8.460668614134192467e-04
1.384655130095779896e-03
4.386338405311107635e-04
7.478488609194755554e-03
7.278400007635354996e-04
3.891001688316464424e-03
5.558216944336891174e-04
9.797745151445269585e-04
4.948995774611830711e-04
9.205957055091857910e-01
9.676748886704444885e-04
5.112359300255775452e-02
9.547394001856446266e-04
