1.723010465502738953e-02
1.520354859530925751e-02
1.368037424981594086e-02
2.170489542186260223e-02
1.992935501039028168e-02
2.684198692440986633e-02
1.843798905611038208e-02
1.275330502539873123e-02
1.196349412202835083e-02
1.138608437031507492e-02
4.038326814770698547e-02
1.654165796935558319e-02
6.701153516769409180e-01
1.277970336377620697e-02
1.411923673003911972e-02
1.191838830709457397e-02
1.603834144771099091e-02
1.854261942207813263e-02
1.348395925015211105e-02
1.694634370505809784e-02
