6.524048745632171631e-03
4.486763849854469299e-03
2.883807290345430374e-03
5.805439781397581100e-03
5.969781894236803055e-03
1.454584300518035889e-02
4.677288699895143509e-03
4.361987113952636719e-03
4.510785918682813644e-03
2.827650401741266251e-03
1.389272324740886688e-02
3.846240462735295296e-03
6.330526471138000488e-01
2.785504795610904694e-03
4.002347588539123535e-03
2.869199262931942940e-03
9.925906546413898468e-03
4.785728640854358673e-03
2.637117803096771240e-01
4.534503445029258728e-03
