4.050702229142189026e-02
3.607423231005668640e-02
3.540454804897308350e-02
4.394922405481338501e-02
4.311553761363029480e-02
4.747160896658897400e-02
4.028715193271636963e-02
3.470912575721740723e-02
3.479446843266487122e-02
2.981687150895595551e-02
3.673166036605834961e-02
4.141282290220260620e-02
2.025744765996932983e-01
3.430823981761932373e-02
3.899539262056350708e-02
3.533630073070526123e-02
9.408867359161376953e-02
4.274694994091987610e-02
4.801015183329582214e-02
3.966555744409561157e-02
