6.832676008343696594e-04
4.860026238020509481e-04
3.306210855953395367e-04
7.236534147523343563e-04
6.924497429281473160e-04
2.078514313325285912e-03
5.060792318545281887e-04
4.136454663239419460e-04
4.487983824219554663e-04
2.361011283937841654e-04
4.094414878636598587e-03
4.259745473973453045e-04
9.560760855674743652e-01
2.728249819483608007e-04
4.339742881711572409e-04
2.863119007088243961e-04
1.511650392785668373e-03
5.224320921115577221e-04
2.934997715055942535e-02
4.270891367923468351e-04
