1.656385883688926697e-02
9.939382784068584442e-03
7.771058939397335052e-03
1.112089958041906357e-02
9.899048134684562683e-03
2.460207045078277588e-02
8.313707076013088226e-03
1.045912131667137146e-02
1.622968353331089020e-02
6.961463950574398041e-03
2.732565253973007202e-02
7.733225822448730469e-03
4.981267452239990234e-02
7.482226472347974777e-03
9.165300056338310242e-03
6.104360800236463547e-03
1.870414912700653076e-01
1.090358942747116089e-02
5.617734193801879883e-01
1.079773996025323868e-02
