2.606210955491405912e-06
1.774341399141121656e-06
1.605309080332517624e-06
4.704045750258956105e-06
4.513864496402675286e-06
1.351140144834062085e-05
2.200832568632904440e-06
1.211652715937816538e-06
1.280529431824106723e-06
7.562346695522137452e-07
4.631476986105553806e-05
2.312192009412683547e-06
9.998887777328491211e-01
1.003774286800762638e-06
1.927576477100956254e-06
1.126383494920446537e-06
8.740138582652434707e-06
2.954181354652973823e-06
1.069163045031018555e-05
2.007827106353943236e-06
