2.141022123396396637e-02
1.636723428964614868e-02
1.386367809027433395e-02
1.886768639087677002e-02
2.200132049620151520e-02
3.381483629345893860e-02
1.380181126296520233e-02
1.388280279934406281e-02
1.689976453781127930e-02
1.049554161727428436e-02
2.330815047025680542e-02
1.524825394153594971e-02
1.875739246606826782e-01
1.145945303142070770e-02
1.717368699610233307e-02
1.307743787765502930e-02
4.599376618862152100e-01
1.775728538632392883e-02
5.632345378398895264e-02
1.673574931919574738e-02
