1.059095934033393860e-02
7.921040058135986328e-03
6.310074124485254288e-03
1.023419201374053955e-02
8.206524886190891266e-03
1.445312798023223877e-02
6.666318047791719437e-03
6.373456679284572601e-03
8.635396137833595276e-03
5.346552003175020218e-03
8.528151549398899078e-03
7.477896753698587418e-03
9.603884071111679077e-03
6.027658469974994659e-03
9.744426235556602478e-03
7.272963877767324448e-03
8.428189158439636230e-01
8.910987526178359985e-03
5.647856742143630981e-03
9.229541756212711334e-03
