4.377079010009765625e-02
3.450759872794151306e-02
3.229541704058647156e-02
3.897887840867042542e-02
4.011436179280281067e-02
5.130407959222793579e-02
4.978898167610168457e-02
3.112512454390525818e-02
3.795313090085983276e-02
2.842945419251918793e-02
2.105129659175872803e-01
4.089662432670593262e-02
7.888364046812057495e-02
3.544623777270317078e-02
3.710834309458732605e-02
2.837669663131237030e-02
4.733717814087867737e-02
3.502720966935157776e-02
6.408294290304183960e-02
3.406036645174026489e-02
