2.767746895551681519e-02
1.910063996911048889e-02
2.028487436473369598e-02
2.806892059743404388e-02
2.069313451647758484e-02
3.380146995186805725e-02
2.268927171826362610e-02
1.772452890872955322e-02
2.217351831495761871e-02
1.392675749957561493e-02
2.161338776350021362e-01
2.536590211093425751e-02
1.805888563394546509e-01
2.064312249422073364e-02
2.632240951061248779e-02
1.714716292917728424e-02
2.308425307273864746e-01
2.351254038512706757e-02
1.137322746217250824e-02
2.192978002130985260e-02
