2.201744914054870605e-02
1.934779062867164612e-02
1.453804876655340195e-02
2.107973583042621613e-02
2.216484397649765015e-02
4.978111013770103455e-02
2.999431453645229340e-02
1.473266817629337311e-02
2.057433687150478363e-02
1.019092742353677750e-02
2.775987684726715088e-01
1.784991659224033356e-02
4.002730175852775574e-02
1.046755351126194000e-02
1.968059688806533813e-02
1.042892038822174072e-02
2.034372091293334961e-01
1.270719151943922043e-02
1.680615991353988647e-01
1.531971804797649384e-02
