2.623351756483316422e-03
1.953327329829335213e-03
1.580425538122653961e-03
2.488034078851342201e-03
2.255367580801248550e-03
5.438191816210746765e-03
1.784540829248726368e-03
1.552818343043327332e-03
2.528498414903879166e-03
1.168592367321252823e-03
1.526395045220851898e-02
2.110225148499011993e-03
4.293127451092004776e-03
1.587313250638544559e-03
2.218475332483649254e-03
1.414005528204143047e-03
9.421585798263549805e-01
1.814996707253158092e-03
3.532747505232691765e-03
2.233480568975210190e-03
