8.425340638495981693e-04
3.833739901892840862e-04
2.469648607075214386e-04
4.337636928539723158e-04
3.563480568118393421e-04
1.957362052053213120e-03
2.748290135059505701e-04
4.491959698498249054e-04
8.511438500136137009e-04
2.037692320300266147e-04
1.555296033620834351e-02
2.816319756675511599e-04
6.157157011330127716e-03
2.637309080455452204e-04
4.262931470293551683e-04
1.634002837818115950e-04
3.506516665220260620e-02
3.768000169657170773e-04
9.352905750274658203e-01
4.230572085361927748e-04
