3.570680928532965481e-05
3.912547617801465094e-05
2.728521940298378468e-05
5.640901872538961470e-05
7.185531285358592868e-05
1.586328289704397321e-04
2.756070716714020818e-05
2.141968070645816624e-05
1.808716660889331251e-05
1.487629651819588616e-05
3.992303754785098135e-05
4.150345921516418457e-05
9.991185069084167480e-01
1.680376408330630511e-05
2.582667184469755739e-05
2.384156869084108621e-05
1.479311613366007805e-04
5.211491588852368295e-05
2.364698775636497885e-05
3.892524910042993724e-05
