1.766221794241573662e-05
1.620892362552694976e-05
1.156525104306638241e-05
2.735022462729830295e-05
3.111625119345262647e-05
7.462727808160707355e-05
1.289719693886581808e-05
1.165351295639993623e-05
9.484698239248245955e-06
7.327977527893381193e-06
3.617956826929003000e-05
1.726405207591596991e-05
9.994646906852722168e-01
8.534352673450484872e-06
1.317562509939307347e-05
1.096693085855804384e-05
8.197593706427142024e-05
2.372528615524061024e-05
1.073776365956291556e-04
1.625375080038793385e-05
