3.141031414270401001e-02
2.105015143752098083e-02
1.724698394536972046e-02
2.368125319480895996e-02
2.046753652393817902e-02
4.113731905817985535e-02
2.198069915175437927e-02
1.940600946545600891e-02
2.575069665908813477e-02
1.415980048477649689e-02
1.836283802986145020e-01
2.359468303620815277e-02
2.564567513763904572e-02
1.810815371572971344e-02
2.491357363760471344e-02
1.498694904148578644e-02
3.667263984680175781e-01
1.949049718677997589e-02
6.483449786901473999e-02
2.178043685853481293e-02
