3.629707207437604666e-04
2.641557366587221622e-04
2.935336669906973839e-04
5.384145770221948624e-04
4.308547358959913254e-04
9.020931902341544628e-04
4.721661098301410675e-04
1.975997001864016056e-04
2.466992591507732868e-04
1.402921770932152867e-04
1.148439198732376099e-02
4.170685715507715940e-04
9.813992381095886230e-01
2.411762106930837035e-04
2.752259897533804178e-04
1.972329337149858475e-04
1.183339511044323444e-03
4.324335895944386721e-04
2.122004516422748566e-04
3.089112287852913141e-04
