2.071906579658389091e-03
1.188198220916092396e-03
9.082653559744358063e-04
1.429488766007125378e-03
1.017913920804858208e-03
3.724532201886177063e-03
8.505107252858579159e-04
1.014139386825263500e-03
1.859163283370435238e-03
6.286499556154012680e-04
3.005433268845081329e-02
1.303231809288263321e-03
2.838939661160111427e-03
9.564345818944275379e-04
1.685750554315745831e-03
7.646377780474722385e-04
9.398790001869201660e-01
1.254064962267875671e-03
5.166340153664350510e-03
1.404578564688563347e-03
