4.471536725759506226e-02
3.196201473474502563e-02
2.731211110949516296e-02
3.346246108412742615e-02
3.211308643221855164e-02
4.997886344790458679e-02
2.941184863448143005e-02
3.155560418963432312e-02
3.918800130486488342e-02
2.472899481654167175e-02
6.749458611011505127e-02
2.761025168001651764e-02
5.045871436595916748e-02
2.580284141004085541e-02
2.920696884393692017e-02
2.440704964101314545e-02
1.585750877857208252e-01
3.310458734631538391e-02
2.058462351560592651e-01
3.306531533598899841e-02
