1.934782922035083175e-04
9.887373016681522131e-05
9.484068141318857670e-05
2.153295208700001240e-04
1.668760814936831594e-04
7.692766375839710236e-04
2.299266634508967400e-04
8.535046799806877971e-05
1.240735145984217525e-04
4.688752960646525025e-05
5.333438143134117126e-02
1.507882843725383282e-04
9.385975003242492676e-01
7.659527182113379240e-05
1.342085452051833272e-04
5.619574949378147721e-05
4.351929528638720512e-04
1.301620504818856716e-04
4.966880194842815399e-03
9.319257515016943216e-05
