4.049635390401817858e-05
3.580671909730881453e-05
3.380681300768628716e-05
8.158782293321564794e-05
7.082527008606120944e-05
1.687657204456627369e-04
4.522734161582775414e-05
2.375503026996739209e-05
2.208692967542447150e-05
1.651944148761685938e-05
4.418420430738478899e-04
5.085502561996690929e-05
9.986926913261413574e-01
2.200434755650348961e-05
3.043987635464873165e-05
2.487583515176083893e-05
7.063215161906555295e-05
6.691273301839828491e-05
1.519805664429441094e-05
4.577570507535710931e-05
