3.313391003757715225e-03
1.979925204068422318e-03
2.342958701774477959e-03
3.393555991351604462e-03
2.514377236366271973e-03
6.132989656180143356e-03
3.826105035841464996e-03
1.647338620387017727e-03
2.964388579130172729e-03
1.275767222978174686e-03
6.113127470016479492e-01
2.831443212926387787e-03
3.309027254581451416e-01
2.299699233844876289e-03
3.317082300782203674e-03
1.296482514590024948e-03
7.288094609975814819e-03
2.619050443172454834e-03
6.616703234612941742e-03
2.125109080225229263e-03
