3.255150094628334045e-02
2.767169661819934845e-02
2.461087889969348907e-02
3.367109969258308411e-02
3.181089833378791809e-02
3.922847658395767212e-02
2.513931319117546082e-02
2.441303431987762451e-02
2.798634208738803864e-02
2.158054523169994354e-02
3.269025310873985291e-02
2.938698790967464447e-02
4.587144032120704651e-02
2.425950206816196442e-02
3.180294483900070190e-02
2.584256418049335480e-02
4.417230486869812012e-01
2.942076511681079865e-02
2.009280212223529816e-02
3.024593926966190338e-02
