8.661671131449111272e-07
7.080832915562496055e-07
7.325982096517691389e-07
2.151401076844194904e-06
1.520743467153806705e-06
3.801921820922871120e-06
1.125528797274455428e-06
4.497470058595354203e-07
4.687479417952999938e-07
2.878915950077498564e-07
5.466480797622352839e-05
1.091931494556774851e-06
9.999241828918457031e-01
5.241108169684594031e-07
5.473423243529396132e-07
4.200534817755396944e-07
3.635730308815254830e-06
1.509923777121002786e-06
3.701063633343437687e-07
8.607077575106814038e-07
