3.088975745413335972e-06
2.199662048951722682e-06
1.592493504176673014e-06
3.863926849589915946e-06
4.334836376074235886e-06
1.877782597148325294e-05
1.398823997078579850e-06
1.668282266109599732e-06
2.216654365838621743e-06
7.692317467444809154e-07
1.924681237142067403e-05
1.852366608545708004e-06
9.992703795433044434e-01
1.127138148149242625e-06
2.190213308495003730e-06
1.028810970638005529e-06
1.968018623301759362e-04
2.582235765657969750e-06
4.627903981599956751e-04
2.081542106679989956e-06
