8.155692368745803833e-03
6.242467090487480164e-03
5.056142807006835938e-03
6.889344193041324615e-03
7.078527938574552536e-03
1.580756530165672302e-02
9.534652344882488251e-03
5.020040087401866913e-03
7.499963976442813873e-03
3.364702686667442322e-03
7.851365804672241211e-01
8.658182807266712189e-03
1.531420834362506866e-02
5.744739901274442673e-03
7.023345213383436203e-03
3.435164922848343849e-03
6.840668618679046631e-02
5.419048946350812912e-03
2.067153155803680420e-02
5.541448015719652176e-03
