4.553407803177833557e-02
3.794981166720390320e-02
3.422438353300094604e-02
4.322843253612518311e-02
3.167609870433807373e-02
4.940732568502426147e-02
3.708265349268913269e-02
3.404641523957252502e-02
4.057922214269638062e-02
2.957652136683464050e-02
5.713241547346115112e-02
3.636584430932998657e-02
3.977874293923377991e-02
3.243681788444519043e-02
4.115171357989311218e-02
3.304167464375495911e-02
2.602902650833129883e-01
4.051076620817184448e-02
3.629770502448081970e-02
3.968903422355651855e-02
