2.726198872551321983e-03
1.394446706399321556e-03
1.341354218311607838e-03
2.099556149914860725e-03
1.702872803434729576e-03
5.647285375744104385e-03
3.188405884429812431e-03
1.288375700823962688e-03
2.252457197755575180e-03
8.343906374648213387e-04
8.856916427612304688e-01
2.068146131932735443e-03
3.719902411103248596e-02
1.466469489969313145e-03
1.942009897902607918e-03
7.497511687688529491e-04
4.320645239204168320e-03
1.603729091584682465e-03
4.109155759215354919e-02
1.391628175042569637e-03
