1.404356095008552074e-03
1.412779907695949078e-03
1.065340708009898663e-03
1.941634225659072399e-03
2.159212715923786163e-03
3.748198738321661949e-03
1.286147744394838810e-03
1.117649371735751629e-03
9.123058989644050598e-04
8.297530584968626499e-04
1.733837183564901352e-03
1.614236389286816120e-03
9.686259627342224121e-01
8.481850964017212391e-04
1.133552985265851021e-03
1.112345489673316479e-03
2.755329711362719536e-03
1.792795606888830662e-03
2.987338928505778313e-03
1.519119832664728165e-03
