2.481810748577117920e-03
1.703702844679355621e-03
1.328012323938310146e-03
2.079375786706805229e-03
1.380620757117867470e-03
4.876065999269485474e-03
1.474779332056641579e-03
1.380462781526148319e-03
2.267377916723489761e-03
8.814337779767811298e-04
4.696152359247207642e-02
2.040639286860823631e-03
2.704764250665903091e-03
1.355751766823232174e-03
2.740334486588835716e-03
1.040031434968113899e-03
9.172474741935729980e-01
1.596205984242260456e-03
2.587048569694161415e-03
1.872610184364020824e-03
