4.765021800994873047e-02
4.332904145121574402e-02
3.729879856109619141e-02
4.580745473504066467e-02
5.368341132998466492e-02
6.019790843129158020e-02
5.078370124101638794e-02
3.636029362678527832e-02
4.012805968523025513e-02
3.460499644279479980e-02
4.391901940107345581e-02
4.178108647465705872e-02
7.887029647827148438e-02
3.129430860280990601e-02
4.196153581142425537e-02
3.669261932373046875e-02
1.121224611997604370e-01
4.041475057601928711e-02
7.834867388010025024e-02
4.475132003426551819e-02
