8.682897314429283142e-04
7.322527817450463772e-04
5.748853436671197414e-04
9.992052800953388214e-04
1.099337008781731129e-03
2.994954120367765427e-03
4.967610584571957588e-04
5.782876396551728249e-04
7.030196720734238625e-04
3.269276348873972893e-04
1.137237879447638988e-03
6.757267983630299568e-04
9.595500230789184570e-01
3.988843236584216356e-04
6.266202544793486595e-04
4.478187474887818098e-04
2.063522301614284515e-02
1.008922467008233070e-03
5.348454695194959641e-03
7.971074082888662815e-04
