5.205296725034713745e-02
4.182779416441917419e-02
3.952354192733764648e-02
4.830734431743621826e-02
5.078771337866783142e-02
5.642770603299140930e-02
4.561132192611694336e-02
3.964318707585334778e-02
4.228263720870018005e-02
3.657283261418342590e-02
4.002764075994491577e-02
4.162840545177459717e-02
1.088047772645950317e-01
3.770163282752037048e-02
3.855171427130699158e-02
3.819647803902626038e-02
6.958746165037155151e-02
4.663450643420219421e-02
8.047174662351608276e-02
4.535852372646331787e-02
