2.675199766599689610e-06
1.819474960029765498e-06
1.480302216805284843e-06
4.746386366605293006e-06
4.267083568265661597e-06
1.273839370696805418e-05
1.914839003802626394e-06
1.332502620243758429e-06
1.147404759649361949e-06
8.053653459683118854e-07
2.115455208695493639e-05
2.081847014778759331e-06
9.999096393585205078e-01
1.005211174742726143e-06
1.553636820972315036e-06
1.066233949131856207e-06
7.959898539411369711e-06
3.032069344044430181e-06
1.739374602038878947e-05
2.127698962794966064e-06
