2.541286812629550695e-04
2.041469269897788763e-04
1.336204441031441092e-04
2.583582245279103518e-04
1.976956700673326850e-04
6.566590745933353901e-04
1.911636500153690577e-04
1.235979143530130386e-04
1.822154299588873982e-04
7.192207704065367579e-05
1.523163984529674053e-03
1.955376646947115660e-04
1.988037693081423640e-04
9.249732102034613490e-05
2.125810715369880199e-04
1.048115955200046301e-04
9.950314760208129883e-01
1.422108180122449994e-04
6.269118603086099029e-05
1.627003657631576061e-04
