9.827392641454935074e-04
9.489140356890857220e-04
7.593654445372521877e-04
1.370609272271394730e-03
1.491531264036893845e-03
3.002446377649903297e-03
7.051629363559186459e-04
6.086878129281103611e-04
6.414678064174950123e-04
4.480918578337877989e-04
8.399495272897183895e-04
1.120070577599108219e-03
9.570307731628417969e-01
5.210761446505784988e-04
8.385848486796021461e-04
7.147834403440356255e-04
2.487545646727085114e-02
1.351666054688394070e-03
7.189575699158012867e-04
1.029628794640302658e-03
