1.578927971422672272e-02
1.298461016267538071e-02
9.881401434540748596e-03
1.495752763003110886e-02
1.841253973543643951e-02
3.050443902611732483e-02
1.139229163527488708e-02
1.086849067360162735e-02
1.236178446561098099e-02
8.364008739590644836e-03
1.225443556904792786e-02
1.265688147395849228e-02
5.811564326286315918e-01
8.678559213876724243e-03
1.197162922471761703e-02
9.210891090333461761e-03
8.202304691076278687e-02
1.607106439769268036e-02
1.066281571984291077e-01
1.383252814412117004e-02
