4.810451646335422993e-04
2.098213444696739316e-04
1.245536695932969451e-04
2.612444222904741764e-04
1.950657169800251722e-04
1.333793974481523037e-03
2.644918567966669798e-04
2.096531388815492392e-04
4.410115070641040802e-04
8.674235868966206908e-05
1.907893568277359009e-01
1.623917778488248587e-04
1.515211816877126694e-02
1.558030489832162857e-04
2.079940022667869925e-04
6.441953155444934964e-05
2.065208973363041878e-03
1.774600386852398515e-04
7.874381542205810547e-01
1.795988064259290695e-04
