2.815859578549861908e-02
1.721500232815742493e-02
1.294809859246015549e-02
2.049474418163299561e-02
2.103135921061038971e-02
4.074751958250999451e-02
1.741114258766174316e-02
1.813886873424053192e-02
2.010411396622657776e-02
1.232465356588363647e-02
3.720583021640777588e-02
1.557129807770252228e-02
2.010863721370697021e-01
1.179205439984798431e-02
1.439401600509881973e-02
1.187075767666101456e-02
3.798373416066169739e-02
1.959169842302799225e-02
4.230268597602844238e-01
1.890337094664573669e-02
