3.413848403965857869e-08
1.927112514010786981e-08
8.366265902282066236e-09
3.412513649436732521e-08
1.832312968019778054e-08
2.089371662350458791e-07
1.077792255443910108e-08
9.289288449565447081e-09
2.136270538244389172e-08
3.646087654018970170e-09
1.528783968751667999e-06
1.975358010497529904e-08
1.461245791034571084e-08
6.404564878437213338e-09
2.908795870837366238e-08
7.231014897968179866e-09
9.999980926513671875e-01
1.261413284936452328e-08
2.568549817283383163e-09
2.104057372775969270e-08
