8.973680087365210056e-04
8.003460825420916080e-04
6.292010075412690639e-04
1.126269460655748844e-03
1.175837474875152111e-03
2.460979390889406204e-03
5.784609820693731308e-04
5.922369309701025486e-04
6.002701702527701855e-04
4.088798887096345425e-04
7.036117604002356529e-04
8.620473672635853291e-04
9.707587361335754395e-01
4.974127514287829399e-04
7.899979827925562859e-04
5.680769681930541992e-04
1.234064716845750809e-02
1.090354751795530319e-03
2.279248554259538651e-03
8.399337530136108398e-04
