7.178048690548166633e-05
5.166442861082032323e-05
3.279912925790995359e-05
7.867952081141993403e-05
6.977602606639266014e-05
2.043262502411380410e-04
3.299130548839457333e-05
2.936813325504772365e-05
5.110636993777006865e-05
2.055514050880447030e-05
9.535231947666034102e-05
4.687972977990284562e-05
2.311752177774906158e-04
2.635717646626289934e-05
7.114245818229392171e-05
3.383657167432829738e-05
9.987236857414245605e-01
5.162754314369522035e-05
1.977049396373331547e-05
5.705319563276134431e-05
