3.069777507334947586e-03
2.046012785285711288e-03
1.434319885447621346e-03
2.500031609088182449e-03
1.823346246965229511e-03
5.233253818005323410e-03
1.506530446931719780e-03
1.661759568378329277e-03
2.598855411633849144e-03
1.064040930941700935e-03
3.256100229918956757e-03
1.511498820036649704e-03
3.288754727691411972e-03
1.194427371956408024e-03
2.059708349406719208e-03
1.294804969802498817e-03
9.479019641876220703e-01
2.041052095592021942e-03
1.225270330905914307e-02
2.261117100715637207e-03
