8.703715284354984760e-04
5.719841574318706989e-04
4.560492525342851877e-04
7.649579201824963093e-04
5.263059283606708050e-04
1.626661396585404873e-03
4.809433594346046448e-04
4.451007698662579060e-04
6.874553509987890720e-04
3.045251069124788046e-04
4.729601554572582245e-03
6.853508530184626579e-04
8.575300453230738640e-04
4.364988417364656925e-04
8.251501712948083878e-04
4.128049477003514767e-04
9.838534593582153320e-01
5.925206933170557022e-04
2.361321094213053584e-04
6.366659654304385185e-04
