1.984376227483153343e-03
1.307600410655140877e-03
1.097043976187705994e-03
1.793568953871726990e-03
1.755001838319003582e-03
4.645032808184623718e-03
1.004949677735567093e-03
1.178924576379358768e-03
1.699293032288551331e-03
7.303046295419335365e-04
8.002826943993568420e-03
1.166258007287979126e-03
8.631200194358825684e-01
1.029305509291589260e-03
1.653717714361846447e-03
8.203670731745660305e-04
6.175566837191581726e-02
1.575824455358088017e-03
4.227793961763381958e-02
1.401955611072480679e-03
