2.645223867148160934e-04
1.927646662807092071e-04
1.271381333936005831e-04
2.720590855460613966e-04
2.792408340610563755e-04
8.287649834528565407e-04
1.446819806005805731e-04
1.561173412483185530e-04
1.692914229352027178e-04
8.860095113050192595e-05
8.408044232055544853e-04
1.493658201070502400e-04
9.841710925102233887e-01
1.043410011334344745e-04
1.746634807204827666e-04
9.972821862902492285e-05
1.284121419303119183e-03
2.089608751703053713e-04
1.026199012994766235e-02
1.817214069887995720e-04
