2.901693340390920639e-03
2.623018110170960426e-03
2.262901281937956810e-03
3.491601906716823578e-03
3.571891458705067635e-03
7.290085311979055405e-03
2.071574330329895020e-03
1.710327225737273693e-03
2.755586057901382446e-03
1.405980787239968777e-03
2.984669059514999390e-03
2.501493552699685097e-03
5.362648889422416687e-02
1.809563138522207737e-03
3.158603329211473465e-03
2.057887380942702293e-03
8.958975076675415039e-01
2.844016300514340401e-03
2.157906303182244301e-03
2.877152292057871819e-03
