7.468509487807750702e-03
5.380311980843544006e-03
4.290069919079542160e-03
6.570777855813503265e-03
7.164259906858205795e-03
1.485101971775293350e-02
4.776047542691230774e-03
5.075729452073574066e-03
5.878394003957509995e-03
3.402817295864224434e-03
1.585910283029079437e-02
4.679460544139146805e-03
6.788663864135742188e-01
3.607966704294085503e-03
5.832636728882789612e-03
3.689830424264073372e-03
2.557958476245403290e-02
5.670131184160709381e-03
1.862507909536361694e-01
5.106243770569562912e-03
