3.419264685362577438e-04
3.489551017992198467e-04
2.648309164214879274e-04
5.428114673122763634e-04
5.693428684026002884e-04
9.867966873571276665e-04
2.992199733853340149e-04
2.276942686876282096e-04
1.771557144820690155e-04
1.672532525844871998e-04
4.238015972077846527e-04
4.052471485920250416e-04
9.925261735916137695e-01
1.822101476136595011e-04
2.261450135847553611e-04
2.376867196289822459e-04
1.009765430353581905e-03
5.165654001757502556e-04
1.653594081290066242e-04
3.811529022641479969e-04
