1.959258079295977950e-04
9.763827256392687559e-05
1.081541777239181101e-04
2.337204496143385768e-04
1.605112047400325537e-04
7.878080941736698151e-04
3.244716790504753590e-04
7.670223567401990294e-05
1.519841607660055161e-04
4.791890387423336506e-05
6.937365531921386719e-01
1.788549707271158695e-04
3.013002872467041016e-01
1.040071947500109673e-04
1.630920742172747850e-04
5.424363916972652078e-05
6.167831597849726677e-04
1.242708385689184070e-04
1.446487382054328918e-03
9.051170491147786379e-05
