1.394808059558272362e-04
7.578956865472719073e-05
4.671838905778713524e-05
1.208679168485105038e-04
1.299621799262240529e-04
5.571469082497060299e-04
7.318429561564698815e-05
6.994931754888966680e-05
8.579578570788726211e-05
3.529930836521089077e-05
1.246247324161231518e-03
5.932899512117728591e-05
9.411454200744628906e-01
3.991255653090775013e-05
7.517438643844798207e-05
3.438614294282160699e-05
6.377786048687994480e-04
8.760041237110272050e-05
5.526236817240715027e-02
7.758908759569749236e-05
