1.922176592051982880e-02
1.792637631297111511e-02
1.387505140155553818e-02
1.862369850277900696e-02
2.240901626646518707e-02
3.742775321006774902e-02
2.334838360548019409e-02
1.250350940972566605e-02
1.764137111604213715e-02
1.032490562647581100e-02
2.591087818145751953e-01
1.798229292035102844e-02
1.645879819989204407e-02
1.280412264168262482e-02
1.816084980964660645e-02
1.122838724404573441e-02
4.167996346950531006e-01
1.379372086375951767e-02
2.339025400578975677e-02
1.697138883173465729e-02
