6.617141189053654671e-04
4.471318097785115242e-04
2.466521691530942917e-04
5.732291610911488533e-04
5.992464721202850342e-04
2.229115692898631096e-03
3.055464476346969604e-04
3.951656108256429434e-04
4.483040829654783010e-04
1.950118748936802149e-04
1.477629761211574078e-03
2.982129517477005720e-04
8.551054000854492188e-01
1.989233860513195395e-04
3.310476895421743393e-04
1.982814865186810493e-04
3.485437482595443726e-03
4.642666899599134922e-04
1.319317966699600220e-01
4.077305202372372150e-04
