1.962464146743059246e-08
1.040155694909117301e-08
4.730422276111312385e-09
2.062061099650236429e-08
8.440775189910709742e-09
1.199199601842337870e-07
5.485136789218358899e-09
4.963495836562969998e-09
1.187981268913063104e-08
2.111729680009943877e-09
5.871468147233827040e-07
1.162342311289421559e-08
9.663082778388343286e-09
3.885177068951861656e-09
1.983034714214682026e-08
4.211354820427004597e-09
9.999991655349731445e-01
7.685061476081500587e-09
1.110039171692278615e-09
1.152289819117413572e-08
