1.007653307169675827e-03
7.749829674139618874e-04
5.163235473446547985e-04
1.075678155757486820e-03
1.204225118272006512e-03
2.474176464602351189e-03
6.548354285769164562e-04
6.304194102995097637e-04
5.604510661214590073e-04
4.275372775737196207e-04
1.094181207008659840e-03
6.818429101258516312e-04
9.743063449859619141e-01
4.264404415152966976e-04
5.838107317686080933e-04
4.554236948024481535e-04
2.007839269936084747e-03
9.634971502237021923e-04
9.311670437455177307e-03
8.426865679211914539e-04
