4.604298621416091919e-02
3.755462914705276489e-02
3.581648319959640503e-02
3.938373178243637085e-02
3.965907916426658630e-02
5.209967121481895447e-02
3.926257789134979248e-02
3.506356105208396912e-02
4.202250763773918152e-02
2.805767953395843506e-02
1.293712109327316284e-01
3.879233077168464661e-02
5.852295085787773132e-02
3.461508825421333313e-02
4.330333322286605835e-02
3.075164183974266052e-02
1.138499900698661804e-01
3.838237747550010681e-02
7.888933271169662476e-02
3.855882585048675537e-02
