2.186307869851589203e-02
1.485769450664520264e-02
1.390177849680185318e-02
1.759053766727447510e-02
1.371937431395053864e-02
2.663675881922245026e-02
1.216178480535745621e-02
1.413630135357379913e-02
1.982260309159755707e-02
1.153939682990312576e-02
5.725103989243507385e-02
1.732885837554931641e-02
3.023447096347808838e-02
1.490493118762969971e-02
2.181561850011348724e-02
1.366797182708978653e-02
6.182404756546020508e-01
1.734486222267150879e-02
2.533604390919208527e-02
1.764637604355812073e-02
