3.557387506589293480e-03
2.026248490437865257e-03
1.452943077310919762e-03
2.471905900165438652e-03
2.078643301501870155e-03
6.818400695919990540e-03
1.404123613610863686e-03
1.984263304620981216e-03
3.390781814232468605e-03
1.082511153072118759e-03
9.182475507259368896e-03
1.601394149474799633e-03
8.977820165455341339e-03
1.344998949207365513e-03
1.987152965739369392e-03
1.192850875668227673e-03
8.293559551239013672e-01
2.303680637851357460e-03
1.154036149382591248e-01
2.382863778620958328e-03
