3.761724382638931274e-02
3.352682664990425110e-02
2.757898718118667603e-02
3.601389378309249878e-02
3.995906561613082886e-02
5.007649213075637817e-02
3.395525366067886353e-02
2.888244763016700745e-02
3.523966297507286072e-02
2.577699162065982819e-02
8.500497788190841675e-02
3.249955177307128906e-02
3.238189592957496643e-02
2.714534290134906769e-02
3.237783163785934448e-02
2.873720228672027588e-02
3.044489920139312744e-01
3.389483317732810974e-02
3.970291838049888611e-02
3.517957404255867004e-02
