3.043082077056169510e-03
2.175939967855811119e-03
1.775984186679124832e-03
2.918957965448498726e-03
2.185565885156393051e-03
4.962869919836521149e-03
1.734497025609016418e-03
1.701227156445384026e-03
2.297687344253063202e-03
1.271099317818880081e-03
2.848204225301742554e-03
2.240248722955584526e-03
8.973793126642704010e-03
1.629241509363055229e-03
2.841217210516333580e-03
1.830483437515795231e-03
9.494150280952453613e-01
2.615914680063724518e-03
1.070432132109999657e-03
2.468561520799994469e-03
