3.694789484143257141e-02
2.818866074085235596e-02
2.640500478446483612e-02
3.534293174743652344e-02
3.470176085829734802e-02
4.642867669463157654e-02
3.850419819355010986e-02
2.529974095523357391e-02
2.980340085923671722e-02
2.087927050888538361e-02
1.970681250095367432e-01
3.288314864039421082e-02
5.233423411846160889e-02
2.595406584441661835e-02
3.146992251276969910e-02
2.374224178493022919e-02
2.297568619251251221e-01
2.656775526702404022e-02
2.975226193666458130e-02
2.796984091401100159e-02
