2.816271444316953421e-04
2.480574476066976786e-04
2.181752643082290888e-04
3.677935164887458086e-04
4.018329782411456108e-04
9.000404388643801212e-04
2.065545268123969436e-04
1.873232540674507618e-04
2.435458154650405049e-04
1.160887986770831048e-04
1.747027621604502201e-03
2.355615288252010942e-04
9.903387427330017090e-01
1.686141622485592961e-04
2.294815058121457696e-04
1.519896322861313820e-04
1.892940956167876720e-03
2.947216271422803402e-04
1.514425734058022499e-03
2.555338724050670862e-04
