3.156964899972081184e-03
2.127318643033504486e-03
1.638026675209403038e-03
2.608675975352525711e-03
2.013904275372624397e-03
7.853402756154537201e-03
3.280450357124209404e-03
1.713357050903141499e-03
2.718543866649270058e-03
9.294985793530941010e-04
8.587570786476135254e-01
2.685959916561841965e-03
6.308993790298700333e-03
1.600908231921494007e-03
2.543393988162279129e-03
9.883831953629851341e-04
7.387536764144897461e-02
1.480567618273198605e-03
2.192154526710510254e-02
1.797690172679722309e-03
