2.056179754436016083e-02
2.058228664100170135e-02
1.660971716046333313e-02
2.453868091106414795e-02
2.735661529004573822e-02
3.600656241178512573e-02
2.058641798794269562e-02
1.684456691145896912e-02
1.506772544234991074e-02
1.415752805769443512e-02
2.048014104366302490e-02
2.386730536818504333e-02
6.050943136215209961e-01
1.503252796828746796e-02
1.727306097745895386e-02
1.737173460423946381e-02
2.222537063062191010e-02
2.469348721206188202e-02
1.856510154902935028e-02
2.308510057628154755e-02
