9.094170527532696724e-04
7.633079076185822487e-04
6.593141006305813789e-04
1.268040970899164677e-03
1.097885193303227425e-03
2.727637533098459244e-03
5.304039223119616508e-04
5.108731565997004509e-04
6.442462909035384655e-04
3.232530143577605486e-04
9.283018298447132111e-04
9.107923251576721668e-04
6.573286652565002441e-01
4.306549380999058485e-04
9.443617309443652630e-04
5.955708329565823078e-04
3.269017636775970459e-01
1.040788018144667149e-03
7.010755944065749645e-04
7.836936856620013714e-04
