1.117177998821716756e-05
1.102403348340885714e-05
9.533401680528186262e-06
1.960949703061487526e-05
2.169805884477682412e-05
4.772223110194317997e-05
7.983509931364096701e-06
6.774082976335193962e-06
6.402877716027433053e-06
4.282484951545484364e-06
2.118737575074192137e-05
1.385215455229626969e-05
9.996148347854614258e-01
5.680414687958545983e-06
9.662130651122424752e-06
7.954494321893434972e-06
1.433339784853160381e-04
1.695853643468581140e-05
8.544089723727665842e-06
1.171854910353431478e-05
