3.157633589580655098e-03
2.066426444798707962e-03
2.514652442187070847e-03
3.742705332115292549e-03
3.020508447661995888e-03
6.118807476013898849e-03
3.409039461985230446e-03
1.689707511104643345e-03
2.520302776247262955e-03
1.375085674226284027e-03
1.345000565052032471e-01
3.093471983447670937e-03
8.085234761238098145e-01
2.249512355774641037e-03
2.953526796773076057e-03
1.608557300642132759e-03
9.690597653388977051e-03
3.196602687239646912e-03
1.939551322720944881e-03
2.629799768328666687e-03
