1.012975536286830902e-02
5.917910486459732056e-03
4.565465729683637619e-03
6.117092445492744446e-03
6.604872178286314011e-03
1.565706357359886169e-02
5.408735014498233795e-03
6.188009399920701981e-03
8.301753550767898560e-03
3.649340011179447174e-03
3.758184611797332764e-02
4.402097780257463455e-03
6.971729546785354614e-02
3.971426282078027725e-03
6.044889800250530243e-03
3.345105797052383423e-03
5.720254778861999512e-02
5.665151868015527725e-03
7.339212894439697266e-01
5.608361680060625076e-03
