2.600028365850448608e-02
2.072220109403133392e-02
2.208331413567066193e-02
2.997916564345359802e-02
2.899506129324436188e-02
3.947038203477859497e-02
3.012286126613616943e-02
1.754747889935970306e-02
1.955688372254371643e-02
1.631892099976539612e-02
1.120291501283645630e-01
2.591758221387863159e-02
4.553011059761047363e-01
1.922502368688583374e-02
2.150884456932544708e-02
1.801797747611999512e-02
2.728168293833732605e-02
2.827817387878894806e-02
1.748199760913848877e-02
2.416183613240718842e-02
