4.126661806367337704e-04
1.771835668478161097e-04
1.020240088109858334e-04
1.941966911545023322e-04
1.801566977519541979e-04
8.033431950025260448e-04
1.374027924612164497e-04
2.237363514723256230e-04
3.645595861598849297e-04
9.049288200912997127e-05
2.356997225433588028e-03
9.106765355682000518e-05
4.957887344062328339e-03
9.274149488192051649e-05
1.387328084092587233e-04
6.882727029733359814e-05
2.070128917694091797e-03
1.705920149106532335e-04
9.871942400932312012e-01
1.731099910102784634e-04
