1.416465616784989834e-03
7.383946212939918041e-04
5.794992903247475624e-04
1.038736430928111076e-03
5.600421573035418987e-04
3.384505864232778549e-03
8.438777294941246510e-04
5.466244765557348728e-04
1.183184096589684486e-03
3.131017438136041164e-04
6.703751087188720703e-01
1.155459322035312653e-03
3.056667745113372803e-03
7.312759407795965672e-04
1.322170952335000038e-03
3.513043047860264778e-04
3.089656829833984375e-01
7.402108167298138142e-04
1.935357809998095036e-03
7.623777491971850395e-04
