7.760835811495780945e-03
7.479975931346416473e-03
6.064628250896930695e-03
9.692663326859474182e-03
1.061179675161838531e-02
1.391392853111028671e-02
7.273438852280378342e-03
6.372332572937011719e-03
5.737490486353635788e-03
5.212846212089061737e-03
9.653083980083465576e-03
8.179397322237491608e-03
8.417413830757141113e-01
5.530243739485740662e-03
6.155299022793769836e-03
5.949038080871105194e-03
1.230267621576786041e-02
8.722032420337200165e-03
1.364415045827627182e-02
8.002687245607376099e-03
