6.574018625542521477e-04
4.787106299772858620e-04
3.900631272699683905e-04
6.832528742961585522e-04
5.120788700878620148e-04
1.378958928398787975e-03
3.648671263363212347e-04
3.650383732747286558e-04
5.814401665702462196e-04
2.517696993891149759e-04
7.735899998806416988e-04
4.527658456936478615e-04
1.274648704566061497e-03
3.134436556138098240e-04
5.984673625789582729e-04
3.572519926819950342e-04
9.888061285018920898e-01
5.202898173592984676e-04
6.659984937869012356e-04
5.738069303333759308e-04
