1.606809720396995544e-02
1.005732547491788864e-02
7.775424513965845108e-03
1.100304722785949707e-02
1.127070188522338867e-02
2.217364124953746796e-02
1.006133109331130981e-02
1.098620146512985229e-02
1.390300132334232330e-02
7.212506607174873352e-03
4.223233088850975037e-02
8.018296211957931519e-03
7.895034551620483398e-02
7.509597577154636383e-03
1.012737024575471878e-02
6.568960379809141159e-03
3.677677735686302185e-02
9.778737090528011322e-03
6.696183681488037109e-01
9.907905012369155884e-03
