7.699653506278991699e-03
5.552864633500576019e-03
4.746359307318925858e-03
7.359069306403398514e-03
6.031418219208717346e-03
1.090559083968400955e-02
4.886537324637174606e-03
4.819184076040983200e-03
6.209076382219791412e-03
3.842032514512538910e-03
1.178354956209659576e-02
6.005020346492528915e-03
7.601945195347070694e-03
4.588988609611988068e-03
7.205096073448657990e-03
4.958672914654016495e-03
8.797323703765869141e-01
5.653948523104190826e-03
3.973766695708036423e-03
6.444848608225584030e-03
