3.767505986616015434e-03
2.230506157502532005e-03
1.726791029796004295e-03
2.890048315748572350e-03
2.543271752074360847e-03
7.777885068207979202e-03
1.903593889437615871e-03
1.971774036064743996e-03
3.294530790299177170e-03
1.204435480758547783e-03
1.700120978057384491e-02
1.896679867058992386e-03
9.781206957995891571e-03
1.411204924806952477e-03
2.478937152773141861e-03
1.311893691308796406e-03
8.754106760025024414e-01
2.047251211479306221e-03
5.687523633241653442e-02
2.475346438586711884e-03
