4.898153245449066162e-02
4.179195314645767212e-02
3.827707841992378235e-02
4.711048305034637451e-02
4.898862168192863464e-02
5.353629216551780701e-02
4.549754783511161804e-02
3.796704113483428955e-02
4.235835745930671692e-02
3.585699200630187988e-02
6.057773530483245850e-02
4.206993058323860168e-02
6.775176525115966797e-02
3.765872493386268616e-02
4.178258031606674194e-02
3.854621201753616333e-02
1.347260624170303345e-01
4.519452154636383057e-02
4.750221967697143555e-02
4.382438212633132935e-02
