2.587670451248413883e-06
2.903962922573555261e-06
2.197814183091395535e-06
5.193354809307493269e-06
5.701647296518785879e-06
1.393110233038896695e-05
2.267390073029673658e-06
1.691316242613538634e-06
1.338624088020878844e-06
1.111085225602437276e-06
6.707651209580944851e-06
3.289911774118081667e-06
9.999201297760009766e-01
1.438547769794240594e-06
1.976589146579499356e-06
1.769327582223922946e-06
1.550637171021662652e-05
4.766627171193249524e-06
2.607734586490551010e-06
2.913966682172031142e-06
