1.094484541681595147e-04
1.014281297102570534e-04
7.150728197302669287e-05
1.604162825969979167e-04
1.589134044479578733e-04
4.054833261761814356e-04
9.243613749276846647e-05
7.685591117478907108e-05
6.035907426849007607e-05
4.992650792701169848e-05
2.183919859817251563e-04
1.094679755624383688e-04
9.970377683639526367e-01
5.504001819645054638e-05
8.792795415502041578e-05
6.956123979762196541e-05
2.793427847791463137e-04
1.327197678619995713e-04
6.213916931301355362e-04
1.015911475406028330e-04
