5.224362830631434917e-04
3.821098944172263145e-04
2.914525393862277269e-04
5.358660127967596054e-04
4.431094566825777292e-04
1.046730671077966690e-03
3.067017823923379183e-04
2.897058730013668537e-04
4.442097269929945469e-04
1.986012212000787258e-04
1.127750147134065628e-03
4.176535585429519415e-04
9.071934036910533905e-04
2.641837927512824535e-04
5.759969935752451420e-04
2.917011152021586895e-04
9.908716082572937012e-01
3.645687247626483440e-04
2.695760340429842472e-04
4.486631078179925680e-04
