4.212585277855396271e-03
3.410309320315718651e-03
3.351029707118868828e-03
5.056107882410287857e-03
5.006214603781700134e-03
8.442918770015239716e-03
3.525891574099659920e-03
2.926493529230356216e-03
3.184073138982057571e-03
2.237700158730149269e-03
1.275823637843132019e-02
3.844382707029581070e-03
9.049291610717773438e-01
2.625076100230216980e-03
3.987271804362535477e-03
2.876603510230779648e-03
9.554679505527019501e-03
4.160131793469190598e-03
1.038104109466075897e-02
3.530206624418497086e-03
