2.067270106635987759e-04
1.309337239945307374e-04
7.312001980608329177e-05
1.530466688564047217e-04
1.023164149955846369e-04
8.904894348233938217e-04
1.577611401444301009e-04
8.198586874641478062e-05
1.758332218741998076e-04
3.333485437906347215e-05
5.708605647087097168e-01
1.655084779486060143e-04
2.597537531983107328e-04
7.471237040590494871e-05
1.736702106427401304e-04
3.912959073204547167e-05
4.256325364112854004e-01
7.544886466348543763e-05
6.106569198891520500e-04
1.024790108203887939e-04
