2.620043460410670377e-06
2.574439804448047653e-06
2.252582817163784057e-06
5.099321242596488446e-06
5.614305791823426262e-06
1.311696996708633378e-05
2.224204536105389707e-06
1.551497120999556500e-06
1.407289005328493658e-06
1.052300376613857225e-06
1.027794132824055851e-05
3.042493972316151485e-06
9.999181032180786133e-01
1.404614181410579477e-06
2.079420028167078272e-06
1.643730342948401812e-06
1.630735823709983379e-05
4.175166850473033264e-06
2.681247906366479583e-06
2.738762987064546905e-06
