9.750537719810381532e-05
5.840909216203726828e-05
4.415084549691528082e-05
9.804106230149045587e-05
5.153134407009929419e-05
2.360567741561681032e-04
3.937207293347455561e-05
3.983704664278775454e-05
7.153033220674842596e-05
2.338145895919296890e-05
5.610516527667641640e-04
6.835738895460963249e-05
2.464053977746516466e-04
3.904273035004734993e-05
9.399643022334203124e-05
3.910182931576855481e-05
9.980442523956298828e-01
7.108653517207130790e-05
1.014514964481350034e-05
6.669802678516134620e-05
