1.317222137004137039e-03
5.863461992703378201e-04
3.941913892049342394e-04
7.077887421473860741e-04
6.026031333021819592e-04
3.425408154726028442e-03
5.846910644322633743e-04
6.315536447800695896e-04
1.246486557647585869e-03
2.732724533416330814e-04
1.140947043895721436e-01
4.975324845872819424e-04
7.503577042371034622e-03
3.925493510905653238e-04
6.580554181709885597e-04
2.325041568838059902e-04
3.081797808408737183e-02
4.957752535119652748e-04
8.349064588546752930e-01
6.312426412478089333e-04
