4.790587991010397673e-04
4.096690681762993336e-04
2.955286763608455658e-04
6.124693900346755981e-04
5.690014222636818886e-04
1.472242758609354496e-03
3.095029387623071671e-04
2.498050453141331673e-04
4.017411265522241592e-04
1.689698110567405820e-04
3.210268332622945309e-04
4.168683371972292662e-04
8.545099757611751556e-03
2.081823768094182014e-04
5.048652528785169125e-04
2.848040603566914797e-04
9.835790991783142090e-01
4.589253221638500690e-04
2.648720401339232922e-04
4.481942742131650448e-04
