7.824760861694812775e-03
5.078892223536968231e-03
3.582137869670987129e-03
6.028829608112573624e-03
6.085497327148914337e-03
1.436237618327140808e-02
4.543353803455829620e-03
4.313035868108272552e-03
6.917455233633518219e-03
3.000408643856644630e-03
1.492814440280199051e-02
3.958817571401596069e-03
1.143429987132549286e-02
3.209230024367570877e-03
5.108139943331480026e-03
3.329867729917168617e-03
8.155435323715209961e-01
5.222921259701251984e-03
6.975577026605606079e-02
5.772583186626434326e-03
