1.172954123467206955e-02
6.575888954102993011e-03
4.721260163933038712e-03
7.808271795511245728e-03
6.144681014120578766e-03
1.949389092624187469e-02
5.679222289472818375e-03
6.909082178026437759e-03
1.040997728705406189e-02
3.898500930517911911e-03
4.796424508094787598e-02
4.963992629200220108e-03
2.760376408696174622e-02
4.316654987633228302e-03
6.681031081825494766e-03
3.535729600116610527e-03
2.091552764177322388e-01
6.326310802251100540e-03
5.988329052925109863e-01
7.249738555401563644e-03
