3.791052103042602539e-02
3.659925609827041626e-02
3.402763977646827698e-02
4.453815147280693054e-02
4.634327441453933716e-02
5.123803019523620605e-02
3.852782398462295532e-02
3.256689384579658508e-02
3.053886070847511292e-02
2.957705780863761902e-02
4.137182608246803284e-02
4.066741839051246643e-02
2.737783491611480713e-01
3.188864886760711670e-02
3.379168733954429626e-02
3.437526524066925049e-02
4.699862003326416016e-02
4.432949423789978027e-02
3.092880360782146454e-02
4.000236466526985168e-02
