1.068399069481529295e-04
1.107469506678171456e-04
9.259891521651297808e-05
1.795213902369141579e-04
1.824569771997630596e-04
3.599054762162268162e-04
8.733227150514721870e-05
7.225889567052945495e-05
6.011126242810860276e-05
5.090394188300706446e-05
1.805450156098231673e-04
1.385985524393618107e-04
9.972717165946960449e-01
5.863719707122072577e-05
8.583509770687669516e-05
7.803882908774539828e-05
5.645062192343175411e-04
1.505971595179289579e-04
5.084499207441695035e-05
1.179385435534641147e-04
