1.077949840500025402e-09
7.198959761645085109e-10
4.547694165690785439e-10
2.609267024666905854e-09
2.265816201330039803e-09
1.556915663059044164e-08
7.173862615061921133e-10
4.317668722553236194e-10
3.806130965955389911e-10
1.804702082219833414e-10
3.482342236793556367e-08
7.814367486425055631e-10
9.999998807907104492e-01
2.446997604543810212e-10
6.256712925534202441e-10
2.951783262261642449e-10
8.236212600820635998e-09
1.233577018311393658e-09
4.993727031887829071e-08
7.371547816603651881e-10
