1.736077247187495232e-03
1.172374817542731762e-03
1.041630050167441368e-03
1.668751705437898636e-03
1.715013640932738781e-03
3.706763731315732002e-03
9.660422219894826412e-04
1.148757641203701496e-03
1.269175671041011810e-03
6.797788664698600769e-04
3.405928844586014748e-03
1.092640566639602184e-03
9.283615350723266602e-01
8.376835030503571033e-04
1.227697706781327724e-03
8.730090339668095112e-04
1.976207457482814789e-02
1.469699433073401451e-03
2.670931071043014526e-02
1.155956415459513664e-03
