9.719267487525939941e-03
6.029497832059860229e-03
5.946994293481111526e-03
8.397579193115234375e-03
6.774138193577528000e-03
1.380887161940336227e-02
1.219215802848339081e-02
4.951947834342718124e-03
7.671683561056852341e-03
3.997399471700191498e-03
8.250551223754882812e-01
9.213283658027648926e-03
3.272068873047828674e-02
6.903040688484907150e-03
8.088147267699241638e-03
3.890575841069221497e-03
1.336607243865728378e-02
6.949148140847682953e-03
8.446158841252326965e-03
5.878099706023931503e-03
