2.504195086658000946e-02
2.114811167120933533e-02
2.045818604528903961e-02
2.704354748129844666e-02
2.799055725336074829e-02
3.600063547492027283e-02
2.047099731862545013e-02
1.803275384008884430e-02
1.893053203821182251e-02
1.653243973851203918e-02
3.363653644919395447e-02
2.391894720494747162e-02
4.643173515796661377e-01
1.899957470595836639e-02
2.302174828946590424e-02
1.993894949555397034e-02
1.140758395195007324e-01
2.659204229712486267e-02
2.013056352734565735e-02
2.371861785650253296e-02
