2.563034929335117340e-02
1.748121343553066254e-02
1.457323692739009857e-02
1.989453472197055817e-02
1.992512494325637817e-02
3.353021666407585144e-02
1.509632915258407593e-02
1.736549846827983856e-02
2.154086716473102570e-02
1.241926476359367371e-02
5.438457429409027100e-02
1.563799940049648285e-02
2.360749989748001099e-01
1.464834157377481461e-02
1.699111238121986389e-02
1.156400144100189209e-02
1.019670963287353516e-01
1.792463473975658417e-02
3.158885836601257324e-01
1.746196113526821136e-02
