4.365995991975069046e-04
2.232463593827560544e-04
1.748291397234424949e-04
3.058830916415899992e-04
2.251260739285498857e-04
1.219096593558788300e-03
5.145011236891150475e-04
1.830317924031987786e-04
3.598245675675570965e-04
9.894685354083776474e-05
9.786322712898254395e-01
3.275487106293439865e-04
4.339988343417644501e-03
2.084368461510166526e-04
3.278443473391234875e-04
8.881075336830690503e-05
1.312805688939988613e-03
1.955097541213035583e-04
1.063806749880313873e-02
1.876472815638408065e-04
