2.681926824152469635e-02
1.868923567235469818e-02
1.978629454970359802e-02
2.763156779110431671e-02
2.341635338962078094e-02
3.439899906516075134e-02
3.730311617255210876e-02
1.585734635591506958e-02
1.958013512194156647e-02
1.451840251684188843e-02
4.427620470523834229e-01
2.645020000636577606e-02
1.561746299266815186e-01
2.056921459734439850e-02
1.998014375567436218e-02
1.415066048502922058e-02
2.519357204437255859e-02
2.543834969401359558e-02
1.106305141001939774e-02
2.021742239594459534e-02
