3.354655345901846886e-04
1.707673218334093690e-04
1.142605979111976922e-04
2.431390748824924231e-04
1.552453904878348112e-04
7.396924193017184734e-04
9.851175855146721005e-05
1.509870489826425910e-04
2.984786406159400940e-04
8.146748587023466825e-05
5.364295793697237968e-04
1.234219816979020834e-04
7.576291682198643684e-04
1.027544058160856366e-04
1.726799673633649945e-04
9.753477934282273054e-05
9.913018941879272461e-01
2.086986351059749722e-04
4.097765311598777771e-03
2.131434594048187137e-04
