1.551032299175858498e-03
1.668755081482231617e-03
1.171096577309072018e-03
2.079027704894542694e-03
2.892151940613985062e-03
4.641332197934389114e-03
1.483010477386415005e-03
1.078848727047443390e-03
9.528514347039163113e-04
8.642741013318300247e-04
1.349973841570317745e-03
1.873834873549640179e-03
9.670923352241516113e-01
8.677540463395416737e-04
1.123251742683351040e-03
1.223305240273475647e-03
2.872677519917488098e-03
2.137038623914122581e-03
1.266727107577025890e-03
1.810743007808923721e-03
