1.851190067827701569e-02
1.560842990875244141e-02
1.142690517008304596e-02
1.801409758627414703e-02
1.897805742919445038e-02
3.357984870672225952e-02
1.279813051223754883e-02
1.227881386876106262e-02
1.410927437245845795e-02
9.311934933066368103e-03
8.959551341831684113e-03
1.432030741125345230e-02
5.124750137329101562e-01
9.925547055900096893e-03
1.552958879619836807e-02
1.115516200661659241e-02
1.485683172941207886e-01
1.879947446286678314e-02
7.949645072221755981e-02
1.615319214761257172e-02
