1.422975404175019776e-09
1.463624332842528020e-09
1.122580806089956695e-09
4.945374776355038193e-09
4.576158563196486284e-09
1.852056108475608198e-08
1.289659934400333441e-09
7.405370761048857275e-10
5.168667716048958027e-10
3.818267368949079810e-10
2.147734612378826569e-08
2.084356243159390942e-09
1.000000000000000000e+00
5.565282124031512012e-10
9.442427950645537749e-10
7.472097940386390746e-10
1.177377839667315129e-08
3.237755397123009971e-09
1.989403530799904729e-09
1.769496549286486697e-09
