1.319929026067256927e-02
1.197385136038064957e-02
1.083741802722215652e-02
1.552544720470905304e-02
1.655309647321701050e-02
2.144391089677810669e-02
1.206412725150585175e-02
1.069790683686733246e-02
1.024761982262134552e-02
9.209199808537960052e-03
1.762707531452178955e-02
1.329570449888706207e-02
7.266194224357604980e-01
1.058293227106332779e-02
1.152086257934570312e-02
1.038087345659732819e-02
2.562635205686092377e-02
1.461495086550712585e-02
2.516192942857742310e-02
1.281807385385036469e-02
