2.698068274185061455e-03
1.732759294100105762e-03
1.842184225097298622e-03
2.624211134389042854e-03
2.239228691905736923e-03
6.912738550454378128e-03
3.546518739312887192e-03
1.457300153560936451e-03
2.371367299929261208e-03
9.930259548127651215e-04
7.852130532264709473e-01
2.967234468087553978e-03
1.495783627033233643e-01
1.886190497316420078e-03
2.527405275031924248e-03
1.121665118262171745e-03
1.881001330912113190e-02
1.969204284250736237e-03
7.961815223097801208e-03
1.547695603221654892e-03
