9.830459021031856537e-03
7.895809598267078400e-03
5.865186452865600586e-03
9.432021528482437134e-03
9.846939705312252045e-03
1.826361194252967834e-02
5.933630280196666718e-03
6.652163807302713394e-03
7.268735207617282867e-03
4.883946385234594345e-03
9.843644686043262482e-03
7.391927298158407211e-03
6.951202750205993652e-01
5.373712163418531418e-03
7.925882004201412201e-03
5.574913695454597473e-03
7.447601854801177979e-02
8.968610316514968872e-03
9.119015932083129883e-02
8.262341842055320740e-03
