1.682635047473013401e-05
1.378045908495550975e-05
1.255622919416055083e-05
2.862474684661719948e-05
3.100352114415727556e-05
9.225370740750804543e-05
1.910550599859561771e-05
8.306263225676957518e-06
9.640782991482410580e-06
5.697063443221850321e-06
4.097908968105912209e-04
1.948212593561038375e-05
9.991819262504577637e-01
8.202581739169545472e-06
1.376603631797479466e-05
8.490421350870747119e-06
6.461978773586452007e-05
2.044557732006069273e-05
2.011380456679034978e-05
1.532856367703061551e-05
