1.925746351480484009e-02
1.476018689572811127e-02
1.250598486512899399e-02
1.722763478755950928e-02
1.913159526884555817e-02
3.863106295466423035e-02
1.979548670351505280e-02
1.244399230927228928e-02
1.777344010770320892e-02
8.912602439522743225e-03
2.677231132984161377e-01
1.611533388495445251e-02
2.220433950424194336e-02
1.022876705974340439e-02
1.825927570462226868e-02
9.265916422009468079e-03
3.679789900779724121e-01
1.059285271912813187e-02
8.245443552732467651e-02
1.473746076226234436e-02
