2.567656897008419037e-02
2.432423271238803864e-02
2.019560337066650391e-02
3.113324940204620361e-02
2.765345387160778046e-02
3.874437883496284485e-02
2.110091783106327057e-02
1.848912611603736877e-02
2.205763012170791626e-02
1.611563377082347870e-02
3.968618437647819519e-02
2.303297817707061768e-02
5.554839968681335449e-02
1.787013933062553406e-02
2.219423092901706696e-02
1.943467371165752411e-02
5.166119933128356934e-01
2.520562708377838135e-02
9.143352508544921875e-03
2.578164450824260712e-02
