3.079870075453072786e-04
2.046699228230863810e-04
1.984981790883466601e-04
3.944321942981332541e-04
3.578549367375671864e-04
9.348714957013726234e-04
4.498362832237035036e-04
1.613095519132912159e-04
2.085835149046033621e-04
1.100219160434789956e-04
3.592321276664733887e-02
2.974055532831698656e-04
9.575430750846862793e-01
1.845068181864917278e-04
2.215127460658550262e-04
1.289007777813822031e-04
5.661726463586091995e-04
2.794621104840189219e-04
1.317483489401638508e-03
2.103319420712068677e-04
