1.310360152274370193e-02
1.107058208435773849e-02
8.550852537155151367e-03
1.385293807834386826e-02
1.191614195704460144e-02
1.972799003124237061e-02
8.939967490732669830e-03
8.419604972004890442e-03
1.062622759491205215e-02
6.776338908821344376e-03
1.529833953827619553e-02
1.136889029294252396e-02
2.684216387569904327e-02
7.980873808264732361e-03
1.269561424851417542e-02
9.281557984650135040e-03
7.745774388313293457e-01
1.168449874967336655e-02
5.195569712668657303e-03
1.209078077226877213e-02
