2.208044752478599548e-02
1.374566834419965744e-02
1.071069762110710144e-02
1.469501852989196777e-02
1.415173616260290146e-02
2.877020277082920074e-02
1.068977359682321548e-02
1.423994731158018112e-02
1.929638907313346863e-02
9.136160835623741150e-03
2.714212425053119659e-02
1.079454459249973297e-02
4.056248441338539124e-02
9.884363971650600433e-03
1.224698498845100403e-02
9.399185888469219208e-03
3.252809345722198486e-01
1.570035889744758606e-02
3.768508434295654297e-01
1.462203916162252426e-02
