3.515807911753654480e-03
3.163961693644523621e-03
2.370022237300872803e-03
5.085507407784461975e-03
3.921824973076581955e-03
9.062287397682666779e-03
2.362732775509357452e-03
2.222068607807159424e-03
2.348150825127959251e-03
1.561831915751099586e-03
2.433264162391424179e-03
3.440107451751828194e-03
6.433258652687072754e-01
1.882106065750122070e-03
3.146668197587132454e-03
2.482445212081074715e-03
2.963968515396118164e-01
4.433919675648212433e-03
3.493783064186573029e-03
3.350775223225355148e-03
