3.421080857515335083e-02
2.650975994765758514e-02
2.100262790918350220e-02
2.877882495522499084e-02
2.893618494272232056e-02
4.854072630405426025e-02
2.722230181097984314e-02
2.513438463211059570e-02
2.671142295002937317e-02
1.860653795301914215e-02
3.480667248368263245e-02
2.245650999248027802e-02
2.102026343345642090e-01
1.784122176468372345e-02
2.488799206912517548e-02
1.974954269826412201e-02
6.692136824131011963e-02
2.700173668563365936e-02
2.643459141254425049e-01
2.613287232816219330e-02
