1.606503687798976898e-02
1.485595293343067169e-02
1.416302472352981567e-02
2.024338208138942719e-02
2.176238037645816803e-02
2.457985840737819672e-02
1.542745623737573624e-02
1.267531793564558029e-02
1.159733720123767853e-02
1.095085218548774719e-02
2.246993035078048706e-02
1.725654304027557373e-02
6.902596354484558105e-01
1.173468679189682007e-02
1.294108387082815170e-02
1.376207638531923294e-02
2.066579647362232208e-02
1.910064741969108582e-02
1.243384089320898056e-02
1.705521158874034882e-02
