9.591541602276265621e-04
8.102146093733608723e-04
5.779750063084065914e-04
1.423528650775551796e-03
1.055096392519772053e-03
3.361023962497711182e-03
4.918025806546211243e-04
4.577258951030671597e-04
5.317496834322810173e-04
2.761131618171930313e-04
7.863437058404088020e-04
8.502843556925654411e-04
5.886536240577697754e-01
3.482440370135009289e-04
7.542860694229602814e-04
4.893328878097236156e-04
3.959180712699890137e-01
1.128929667174816132e-03
1.879189367173239589e-04
9.385456214658915997e-04
