3.554759547114372253e-03
1.860495307482779026e-03
2.078741556033492088e-03
3.154662903398275375e-03
2.166079822927713394e-03
6.544142961502075195e-03
1.718357321806252003e-03
1.674848957918584347e-03
2.747756894677877426e-03
1.162746804766356945e-03
4.603581130504608154e-02
2.474972745403647423e-03
5.318610072135925293e-01
2.021165098994970322e-03
3.647038713097572327e-03
1.495911274105310440e-03
3.772656619548797607e-01
2.819607267156243324e-03
3.300196258351206779e-03
2.416000002995133400e-03
