9.242266401088272687e-07
6.008284572089905851e-07
3.763371694276429480e-07
1.108754531742306426e-06
7.289219752237841021e-07
4.070031081937486306e-06
3.625738713708415162e-07
3.231830589811579557e-07
6.758465929124213289e-07
1.775621996102927369e-07
1.410366280651942361e-06
5.311174504640803207e-07
2.148885187125415541e-06
2.462798249780462356e-07
1.010756136565760244e-06
3.449099494901020080e-07
9.999833106994628906e-01
5.559951432587695308e-07
3.237389591959072277e-07
7.194418003564351238e-07
