5.542544648051261902e-03
2.893116790801286697e-03
2.369687426835298538e-03
3.818003926426172256e-03
3.139122156426310539e-03
1.034755725413560867e-02
3.705310635268688202e-03
2.832266967743635178e-03
5.285165738314390182e-03
1.705480273813009262e-03
5.113782286643981934e-01
2.915179589763283730e-03
1.294567137956619263e-01
2.669311128556728363e-03
3.768394468352198601e-03
1.368992263451218605e-03
1.449846290051937103e-02
3.157551633194088936e-03
2.863822877407073975e-01
2.766598481684923172e-03
