3.938283771276473999e-02
2.620952948927879333e-02
2.224590443074703217e-02
2.821472659707069397e-02
2.936769090592861176e-02
4.439637809991836548e-02
2.597626484930515289e-02
2.695082314312458038e-02
3.420989587903022766e-02
2.034938894212245941e-02
3.618239983916282654e-02
2.130269631743431091e-02
6.101593002676963806e-02
2.015545219182968140e-02
2.269283309578895569e-02
1.942282915115356445e-02
9.109248965978622437e-02
2.804115042090415955e-02
3.744935691356658936e-01
2.829717099666595459e-02
