1.857605762779712677e-02
1.249234657734632492e-02
1.022484153509140015e-02
1.471504196524620056e-02
1.470787916332483292e-02
2.550449408590793610e-02
1.092983223497867584e-02
1.241832133382558823e-02
1.575097627937793732e-02
8.836142718791961670e-03
3.215657174587249756e-02
9.825073182582855225e-03
3.233331441879272461e-01
9.762788191437721252e-03
1.155796274542808533e-02
8.753597736358642578e-03
7.846523821353912354e-02
1.273440010845661163e-02
3.569305837154388428e-01
1.232482399791479111e-02
