7.697086315602064133e-03
4.249244928359985352e-03
3.386535448953509331e-03
5.787560250610113144e-03
4.489955026656389236e-03
1.478981133550405502e-02
7.830196060240268707e-03
3.933126106858253479e-03
5.805418360978364944e-03
2.551500219851732254e-03
5.750827193260192871e-01
4.566783551126718521e-03
1.553061902523040771e-01
4.017518367618322372e-03
5.010361783206462860e-03
2.320233732461929321e-03
7.932274602353572845e-03
4.053041804581880569e-03
1.774825304746627808e-01
3.708023345097899437e-03
