3.368248231709003448e-03
1.645608805119991302e-03
1.351155689917504787e-03
2.260408829897642136e-03
1.684667076915502548e-03
6.813473999500274658e-03
2.169797895476222038e-03
1.535264891572296619e-03
3.132322570309042931e-03
8.841873495839536190e-04
6.500265598297119141e-01
1.744131790474057198e-03
1.446037292480468750e-01
1.567457569763064384e-03
2.352739684283733368e-03
7.050788262858986855e-04
1.189779676496982574e-02
1.859247335232794285e-03
1.588040739297866821e-01
1.594065572135150433e-03
