1.172814427263801917e-05
1.183401400339789689e-05
9.170519660983700305e-06
2.320251041965093464e-05
2.211633545812219381e-05
5.713500286219641566e-05
9.073912224266678095e-06
6.920595296833198518e-06
5.783691904071019962e-06
4.050847110192989931e-06
4.352683026809245348e-05
1.697708466963376850e-05
9.996179342269897461e-01
4.906220510747516528e-06
8.898084161046426743e-06
7.693199222558178008e-06
9.952963591786101460e-05
2.187675454479176551e-05
3.144835545754176565e-06
1.454614812246290967e-05
