2.138948912033811212e-04
1.515093754278495908e-04
1.037276742863468826e-04
2.170894877053797245e-04
1.758042635628953576e-04
5.287712556309998035e-04
1.169103488791733980e-04
1.055017200997099280e-04
1.718264247756451368e-04
7.241254934342578053e-05
1.091182813979685307e-03
1.583138655405491590e-04
2.066058805212378502e-04
9.949863306246697903e-05
2.044755528913810849e-04
1.032791478792205453e-04
9.958674907684326172e-01
1.294048852287232876e-04
1.126346396631561220e-04
1.697292173048481345e-04
