1.234842557096271776e-07
1.449223958616130403e-07
1.061039611727210286e-07
2.989375218476197915e-07
3.279653242316271644e-07
1.124602363233861979e-06
9.194519634547759779e-08
6.601629110036810744e-08
5.118673129800299648e-08
3.904731826764873404e-08
4.237958250996598508e-07
1.683835932908550603e-07
9.999952316284179688e-01
4.543135290191457898e-08
8.472279233728841064e-08
7.839957305577627267e-08
1.000624592961685266e-06
2.337230995408390299e-07
7.394954337769377162e-08
1.500906137152924202e-07
