3.962453047279268503e-05
2.692516864044591784e-05
1.658602559473365545e-05
3.925157943740487099e-05
2.780812246783170849e-05
1.104702678276225924e-04
1.837999298004433513e-05
1.725800939311739057e-05
2.857335130102001131e-05
1.035249988490249962e-05
4.995974013581871986e-04
2.707211206143256277e-05
2.493222018529195338e-05
1.478838566981721669e-05
3.420271241338923573e-05
1.536726995254866779e-05
9.989909529685974121e-01
2.020933607127517462e-05
8.489874744554981589e-06
2.914482683991082013e-05
