5.857877027892754995e-08
5.940259839576356171e-08
3.500828427149826894e-08
1.149759540908235067e-07
1.505198667928198120e-07
5.854640221514273435e-07
3.646825064151926199e-08
3.131090764441069041e-08
2.377750440984982561e-08
1.629368817646081880e-08
1.216472327314477297e-07
6.004437835827047820e-08
9.999976158142089844e-01
2.015124422882763611e-08
3.815073412738456682e-08
2.903938423060026253e-08
6.323032266664085910e-07
8.301855558556781034e-08
2.554850766500749160e-07
5.804280434063002758e-08
