3.569236025214195251e-02
3.123497404158115387e-02
2.736017107963562012e-02
3.604452311992645264e-02
3.961382433772087097e-02
4.789317026734352112e-02
3.849614039063453674e-02
2.720654755830764771e-02
3.092674911022186279e-02
2.235840819776058197e-02
1.289714723825454712e-01
3.386328741908073425e-02
6.372353434562683105e-02
2.563923411071300507e-02
3.068228438496589661e-02
2.595555782318115234e-02
2.625177204608917236e-01
2.985768578946590424e-02
3.344716131687164307e-02
2.851516753435134888e-02
