4.403788479976356030e-04
2.004615962505340576e-04
1.182968262583017349e-04
2.154669055016711354e-04
1.857745373854413629e-04
9.880992583930492401e-04
1.781222381396219134e-04
2.364433021284639835e-04
4.164946149103343487e-04
9.224307723343372345e-05
1.605207659304141998e-02
1.341953466180711985e-04
3.213265445083379745e-03
1.224756852025166154e-04
1.834418217185884714e-04
6.901416782056912780e-05
2.059374935925006866e-03
1.802199985831975937e-04
9.747188687324523926e-01
1.952698366949334741e-04
