2.836244739592075348e-02
2.279477380216121674e-02
1.688252203166484833e-02
2.529360540211200714e-02
2.682996354997158051e-02
4.615493118762969971e-02
1.981695555150508881e-02
2.155148610472679138e-02
2.593916282057762146e-02
1.580616459250450134e-02
2.771949954330921173e-02
1.975735276937484741e-02
2.483368217945098877e-01
1.658629626035690308e-02
1.933201588690280914e-02
1.632456667721271515e-02
1.138366237282752991e-01
2.602069638669490814e-02
2.384172677993774414e-01
2.423690259456634521e-02
