4.261125577613711357e-04
2.621330786496400833e-04
2.136452239938080311e-04
3.773604112211614847e-04
2.450094616506248713e-04
8.406445267610251904e-04
1.966038398677483201e-04
2.023296401603147388e-04
3.489800437819212675e-04
1.318893919233232737e-04
2.383698476478457451e-03
3.361460694577544928e-04
1.015009824186563492e-03
2.145828912034630775e-04
4.239375703036785126e-04
2.014349593082442880e-04
9.914319515228271484e-01
2.916857774835079908e-04
1.449701667297631502e-04
3.118960594292730093e-04
