1.310013885813532397e-06
1.367139248031890020e-06
1.140860263149079401e-06
2.552851810833089985e-06
2.958649929496459663e-06
7.424636351061053574e-06
9.981678203985211439e-07
8.187207640730775893e-07
7.333326266234507784e-07
5.356035899239941500e-07
3.202283551217988133e-06
1.633141209822497331e-06
9.999315738677978516e-01
7.584960712847532704e-07
1.234130081684270408e-06
9.274721719521039631e-07
3.491680035949684680e-05
2.151771923308842815e-06
2.321949750694329850e-06
1.324612981079553720e-06
