1.058476744219660759e-03
7.927488768473267555e-04
5.639564478769898415e-04
9.965047938749194145e-04
8.853356121107935905e-04
2.171509666368365288e-03
5.784331005997955799e-04
5.717863095924258232e-04
8.564693853259086609e-04
3.988526586908847094e-04
2.194586442783474922e-03
6.649034330621361732e-04
1.300373347476124763e-03
4.564840055536478758e-04
9.002729784697294235e-04
5.295776645652949810e-04
9.821043610572814941e-01
7.100339862518012524e-04
1.458426355384290218e-03
8.069580071605741978e-04
