5.944419535808265209e-04
2.965283056255429983e-04
1.641559647396206856e-04
3.317199298180639744e-04
3.343863354530185461e-04
1.420911052264273167e-03
2.300519263371825218e-04
3.485455818008631468e-04
4.982463433407247066e-04
1.445851521566510201e-04
2.868073759600520134e-03
1.709366188151761889e-04
2.105073817074298859e-02
1.551795139675959945e-04
2.587219350971281528e-04
1.222192804561927915e-04
2.814133651554584503e-03
2.983530866913497448e-04
9.676238894462585449e-01
2.743003715295344591e-04
