4.395293444395065308e-02
3.144660964608192444e-02
2.678368985652923584e-02
3.423064574599266052e-02
3.433554619550704956e-02
5.055902898311614990e-02
3.755989298224449158e-02
3.153606504201889038e-02
3.728398308157920837e-02
2.616606652736663818e-02
1.047354191541671753e-01
3.095145337283611298e-02
5.846319720149040222e-02
2.641094103455543518e-02
3.245054557919502258e-02
2.465070039033889771e-02
5.579343810677528381e-02
2.940484508872032166e-02
2.511581778526306152e-01
3.212688118219375610e-02
