1.339563634246587753e-03
1.154593774117529392e-03
8.879118249751627445e-04
1.537923351861536503e-03
1.379309687763452530e-03
3.145409049466252327e-03
1.101710484363138676e-03
7.535915356129407883e-04
1.110528246499598026e-03
4.981147358193993568e-04
7.214078214019536972e-03
1.280475873500108719e-03
8.928134106099605560e-03
6.312919431366026402e-04
1.310496358200907707e-03
7.197805098257958889e-04
9.645359516143798828e-01
9.697659988887608051e-04
6.056262645870447159e-04
8.957782411016523838e-04
