3.482454485492780805e-05
3.908202779712155461e-05
3.038647446373943239e-05
6.902168388478457928e-05
7.995941996341571212e-05
1.540741068311035633e-04
3.436615224927663803e-05
2.617914833535905927e-05
1.809442801459226757e-05
1.812660593714099377e-05
6.416837277356535196e-05
5.115471140015870333e-05
9.990812540054321289e-01
1.872928078228142112e-05
2.609123839647509158e-05
2.952627801278140396e-05
9.007982589537277818e-05
6.117473094491288066e-05
2.890359610319137573e-05
4.484149758354760706e-05
