4.975854605436325073e-02
4.170967265963554382e-02
3.647019714117050171e-02
4.471994563937187195e-02
5.263815447688102722e-02
6.008112803101539612e-02
4.924014210700988770e-02
3.790833801031112671e-02
4.192917421460151672e-02
3.606406226754188538e-02
4.001653939485549927e-02
3.984137251973152161e-02
9.054857492446899414e-02
3.374769911170005798e-02
4.076834395527839661e-02
3.696599602699279785e-02
7.694341987371444702e-02
4.264668002724647522e-02
1.038711667060852051e-01
4.413082450628280640e-02
