1.421845954610034823e-04
1.077311244443990290e-04
7.720842404523864388e-05
1.662642607698217034e-04
1.134557023760862648e-04
3.911831590812653303e-04
8.489323226967826486e-05
6.358671089401468635e-05
1.202060157083906233e-04
4.328889917815104127e-05
9.650395950302481651e-04
1.208792018587701023e-04
7.641888805665075779e-04
6.360319821396842599e-05
1.489301939727738500e-04
6.797770038247108459e-05
9.963111281394958496e-01
1.026202735374681652e-04
4.424308644956909120e-05
1.013750879792496562e-04
