3.270342131145298481e-05
2.749089071585331112e-05
1.663862894929479808e-05
4.629601244232617319e-05
4.999189695809036493e-05
1.363703340757638216e-04
2.163572935387492180e-05
1.921084913192316890e-05
1.568985135236289352e-05
1.134729427576530725e-05
5.558213160838931799e-05
2.485113691363949329e-05
9.991264939308166504e-01
1.198187510453863069e-05
1.800442805688362569e-05
1.453409095120150596e-05
8.371492003789171576e-05
3.620194183895364404e-05
2.212160325143486261e-04
3.012823253811802715e-05
