1.406952831894159317e-02
1.085523795336484909e-02
9.011195041239261627e-03
1.302544772624969482e-02
1.327144913375377655e-02
2.121888659894466400e-02
1.063049212098121643e-02
8.792277425527572632e-03
1.202647574245929718e-02
7.501226384192705154e-03
1.281902473419904709e-02
1.037974283099174500e-02
1.863941736519336700e-02
8.030924014747142792e-03
1.202626898884773254e-02
9.508065879344940186e-03
7.707223892211914062e-01
1.140615344047546387e-02
1.405296102166175842e-02
1.201280020177364349e-02
