2.858444117009639740e-02
2.261384017765522003e-02
1.941764913499355316e-02
2.725744247436523438e-02
3.141182661056518555e-02
4.746102541685104370e-02
3.281689807772636414e-02
2.090824767947196960e-02
2.556845173239707947e-02
1.779768802225589752e-02
1.104118302464485168e-01
2.520954981446266174e-02
2.837598323822021484e-01
1.902881637215614319e-02
2.353599295020103455e-02
1.844016648828983307e-02
3.887195512652397156e-02
2.462960407137870789e-02
1.577294617891311646e-01
2.454527281224727631e-02
