5.985964089632034302e-03
5.032351240515708923e-03
3.988580778241157532e-03
6.948726251721382141e-03
6.796464789658784866e-03
1.554633956402540207e-02
3.798020305112004280e-03
3.528347704559564590e-03
4.272448830306529999e-03
2.737002447247505188e-03
5.398430861532688141e-03
5.323336459696292877e-03
5.761893987655639648e-01
3.309504827484488487e-03
5.136327352374792099e-03
4.010118544101715088e-03
3.255190849304199219e-01
6.692853290587663651e-03
4.088292829692363739e-03
5.698338150978088379e-03
