1.631219126284122467e-02
1.261170674115419388e-02
1.216233614832162857e-02
1.577271893620491028e-02
1.440727710723876953e-02
2.523648552596569061e-02
1.004044618457555771e-02
1.129132974892854691e-02
1.581023260951042175e-02
9.361153468489646912e-03
2.584290690720081329e-02
1.426539197564125061e-02
9.356871247291564941e-02
1.219284068793058395e-02
1.629099808633327484e-02
1.166446786373853683e-02
6.277003288269042969e-01
1.614480279386043549e-02
2.448424883186817169e-02
1.483940519392490387e-02
