2.369789779186248779e-02
1.824082806706428528e-02
1.795826107263565063e-02
2.504152990877628326e-02
2.100981026887893677e-02
2.458367496728897095e-02
2.000960335135459900e-02
1.788717508316040039e-02
1.801287382841110229e-02
1.507272385060787201e-02
5.095800012350082397e-02
2.051107026636600494e-02
5.593416094779968262e-01
1.832960918545722961e-02
1.765622943639755249e-02
1.641065627336502075e-02
4.415429756045341492e-02
2.188771031796932220e-02
2.984800562262535095e-02
1.938842050731182098e-02
