3.023541939910501242e-04
2.693634305614978075e-04
2.638022706378251314e-04
4.330113588366657495e-04
4.397315206006169319e-04
9.088416700251400471e-04
2.071810886263847351e-04
1.830517721828073263e-04
2.072555798804387450e-04
1.224497827934101224e-04
5.563325248658657074e-04
3.153168654534965754e-04
9.872992634773254395e-01
1.720514555927366018e-04
2.884429122786968946e-04
2.076227538054808974e-04
7.029242347925901413e-03
3.833897644653916359e-04
1.344312913715839386e-04
2.768415724858641624e-04
