4.970575100742280483e-04
3.037014685105532408e-04
2.749809646047651768e-04
5.384748801589012146e-04
4.999956581741571426e-04
1.152608077973127365e-03
3.469476068858057261e-04
3.021158336196094751e-04
3.730884927790611982e-04
1.828659442253410816e-04
7.240984588861465454e-03
3.103519266005605459e-04
9.699979424476623535e-01
2.652366529218852520e-04
3.338687529321759939e-04
1.961444359039887786e-04
2.242450835183262825e-03
3.725871501956135035e-04
1.423287857323884964e-02
3.357164096087217331e-04
