4.067668633069843054e-04
1.990733871934935451e-04
1.475805620430037379e-04
3.008846833836287260e-04
1.449795818189159036e-04
1.126879709772765636e-03
2.500337723176926374e-04
1.290655054617673159e-04
3.114484716206789017e-04
7.096475019352510571e-05
6.085813045501708984e-01
3.501895989757031202e-04
1.001158030703663826e-03
1.928604178829118609e-04
3.922163741663098335e-04
8.419166260864585638e-05
3.857815563678741455e-01
2.057359088212251663e-04
1.110264347516931593e-04
2.120538119925186038e-04
