9.292307309806346893e-03
4.698162898421287537e-03
3.859382355585694313e-03
5.972870159894227982e-03
4.449881147593259811e-03
1.644833199679851532e-02
4.308029543608427048e-03
4.892657510936260223e-03
8.668237365782260895e-03
2.701357007026672363e-03
2.423616945743560791e-01
4.597950726747512817e-03
3.315572440624237061e-02
4.022408742457628250e-03
5.638241302222013474e-03
2.540074987336993217e-03
1.043433025479316711e-01
5.037000402808189392e-03
5.277125835418701172e-01
5.299785640090703964e-03
