1.172616903204470873e-04
3.513207411742769182e-05
2.418585972918663174e-05
7.250345515785738826e-05
4.567950236378237605e-05
4.933148156851530075e-04
8.307901589432731271e-05
3.322452539578080177e-05
9.309308370575308800e-05
1.278287254535825923e-05
6.473658084869384766e-01
3.365963129908777773e-05
1.435874700546264648e-01
2.822930764523334801e-05
5.429755401564761996e-05
9.656365364207886159e-06
2.731713757384568453e-04
3.834498056676238775e-05
2.075666934251785278e-01
3.247540735173970461e-05
