4.284503120288718492e-06
3.345492132211802527e-06
1.682419451753958128e-06
4.645871740649454296e-06
3.476529400359140709e-06
1.878062721516471356e-05
2.925404487541527487e-06
1.568633251736173406e-06
2.812800175888696685e-06
7.385894491562794428e-07
3.822492362814955413e-05
2.946369704659446143e-06
1.627124447622918524e-06
9.664574918133439496e-07
3.595434463932178915e-06
1.232344402524176985e-06
9.999017715454101562e-01
1.829948701015382539e-06
7.203841505543095991e-07
2.726043476286577061e-06
