3.489180281758308411e-02
2.630047127604484558e-02
2.799265831708908081e-02
3.525343909859657288e-02
3.388866409659385681e-02
4.502998664975166321e-02
3.373459354043006897e-02
2.588737569749355316e-02
3.174235671758651733e-02
2.166249416768550873e-02
1.586261540651321411e-01
3.148747235536575317e-02
2.104317843914031982e-01
2.594312094151973724e-02
3.167635574936866760e-02
2.290038578212261200e-02
5.326347798109054565e-02
3.000466153025627136e-02
8.986470103263854980e-02
2.941806800663471222e-02
