1.100781140848994255e-03
6.312744808383285999e-04
4.700680437963455915e-04
8.545481832697987556e-04
5.525272572413086891e-04
2.144838217645883560e-03
4.370842652861028910e-04
5.733951111324131489e-04
9.272816823795437813e-04
3.404509043321013451e-04
2.122031757608056068e-03
5.138662527315318584e-04
1.410803524777293205e-03
4.093048337381333113e-04
6.656706100329756737e-04
4.082873056177049875e-04
9.787726402282714844e-01
6.930327508598566055e-04
6.203809753060340881e-03
7.683099829591810703e-04
