2.984372340142726898e-02
2.103564701974391937e-02
2.284950576722621918e-02
3.017771989107131958e-02
2.329498901963233948e-02
3.322906419634819031e-02
3.031433559954166412e-02
1.875193044543266296e-02
2.421874739229679108e-02
1.760923303663730621e-02
2.180644571781158447e-01
2.621417678892612457e-02
2.885652184486389160e-01
2.379880659282207489e-02
2.738756127655506134e-02
1.839253306388854980e-02
7.693949341773986816e-02
3.008647449314594269e-02
1.395229157060384750e-02
2.527408115565776825e-02
