1.390321878716349602e-03
6.433401722460985184e-04
4.957257187925279140e-04
8.504660218022763729e-04
7.888437248766422272e-04
2.805060939863324165e-03
6.642711232416331768e-04
7.597414660267531872e-04
1.296091242693364620e-03
3.509693488012999296e-04
4.681826755404472351e-02
4.956988268531858921e-04
4.033779352903366089e-02
5.076715606264770031e-04
7.183336419984698296e-04
2.962957951240241528e-04
5.793803837150335312e-03
6.682751118205487728e-04
8.936303257942199707e-01
6.888019852340221405e-04
