4.392252321849809960e-06
5.411689926404505968e-06
3.947013283323030919e-06
9.158965440292377025e-06
1.050307855621213093e-05
2.635376949911005795e-05
3.964268671552417800e-06
2.974453536808141507e-06
2.331360064999898896e-06
1.975130771825206466e-06
8.977121979114599526e-06
6.408553872461197898e-06
9.998648166656494141e-01
2.284140464325901121e-06
3.413715830902219750e-06
3.218283382011577487e-06
2.260902510897722095e-05
8.057214472501073033e-06
3.538302507877233438e-06
5.732091267418581992e-06
