3.975865989923477173e-02
3.267723694443702698e-02
3.188869357109069824e-02
4.211513325572013855e-02
4.212973266839981079e-02
4.742922633886337280e-02
3.811054676771163940e-02
3.040106780827045441e-02
3.124770522117614746e-02
2.658450976014137268e-02
6.196577474474906921e-02
3.671071305871009827e-02
2.891788780689239502e-01
2.978266403079032898e-02
3.114816546440124512e-02
2.916151471436023712e-02
3.292046487331390381e-02
4.092276096343994141e-02
4.910245165228843689e-02
3.676413372159004211e-02
