1.011779168038628995e-04
4.113926115678623319e-05
3.468547583906911314e-05
6.683683750452473760e-05
4.874983278568834066e-05
3.017024719156324863e-04
1.289179053856059909e-04
3.419318818487226963e-05
7.975457265274599195e-05
1.830159635574091226e-05
9.943126440048217773e-01
7.292147347470745444e-05
1.961560221388936043e-03
4.481940050027333200e-05
7.065560203045606613e-05
1.467349648009985685e-05
2.319108607480302453e-04
4.339408042142167687e-05
2.351751783862709999e-03
4.024817826575599611e-05
