1.587543083587661386e-04
9.491566743236035109e-05
7.687113247811794281e-05
1.778874575393274426e-04
1.550272427266463637e-04
5.082793650217354298e-04
1.207440873258747160e-04
7.984328112797811627e-05
1.263474696315824986e-04
4.640945553546771407e-05
1.190784014761447906e-02
9.590490662958472967e-05
9.790061116218566895e-01
7.683968578930944204e-05
1.086528354790061712e-04
5.226417124504223466e-05
5.945819430053234100e-04
1.034841407090425491e-04
6.415104493498802185e-03
9.420002606930211186e-05
