1.987039344385266304e-03
1.167640672065317631e-03
6.943863118067383766e-04
1.205844804644584656e-03
1.128772390075027943e-03
5.100862123072147369e-03
1.165055669844150543e-03
1.097781816497445107e-03
1.811538590118288994e-03
5.406981217674911022e-04
7.634887844324111938e-02
8.061273838393390179e-04
7.907971739768981934e-03
6.331498734652996063e-04
9.556476725265383720e-04
4.057425830978900194e-04
2.460252866148948669e-02
8.394146570935845375e-04
8.705624938011169434e-01
1.038445392623543739e-03
