2.645268104970455170e-02
1.928743533790111542e-02
1.342830061912536621e-02
1.981743983924388885e-02
2.105826139450073242e-02
4.980929568409919739e-02
2.441954985260963440e-02
1.616531610488891602e-02
1.986215263605117798e-02
1.055240910500288010e-02
1.861595213413238525e-01
1.646137237548828125e-02
1.737054437398910522e-02
1.071778405457735062e-02
1.661536097526550293e-02
9.900671429932117462e-03
2.798875868320465088e-01
1.312918681651353836e-02
2.111675143241882324e-01
1.773760654032230377e-02
