2.988284686580300331e-03
2.517789835110306740e-03
2.275852253660559654e-03
4.033872857689857483e-03
4.189163446426391602e-03
6.266509648412466049e-03
2.840653294697403908e-03
2.323374385014176369e-03
2.364813815802335739e-03
1.777027966454625130e-03
7.261584047228097916e-03
2.790205180644989014e-03
9.293454289436340332e-01
2.082190709188580513e-03
2.303592860698699951e-03
2.060418482869863510e-03
6.310393568128347397e-03
3.228251123800873756e-03
1.018606778234243393e-02
2.854609629139304161e-03
