2.566177956759929657e-02
2.146311663091182709e-02
1.600765995681285858e-02
2.469219453632831573e-02
2.811150625348091125e-02
4.395400360226631165e-02
1.938300207257270813e-02
1.938663423061370850e-02
2.131767384707927704e-02
1.521210744976997375e-02
2.211805246770381927e-02
1.971506699919700623e-02
3.970058858394622803e-01
1.512181386351585388e-02
1.856585964560508728e-02
1.561714988201856613e-02
6.989536434412002563e-02
2.481258288025856018e-02
1.593584865331649780e-01
2.260007709264755249e-02
