6.271451711654663086e-04
5.510607152245938778e-04
4.511913575697690248e-04
7.934638997539877892e-04
1.003025099635124207e-03
2.139217453077435493e-03
4.064817330799996853e-04
3.592488355934619904e-04
3.954033309128135443e-04
2.526511962059885263e-04
4.841245827265083790e-04
6.413779919967055321e-04
9.612238407135009766e-01
3.051653038710355759e-04
5.585551261901855469e-04
4.145332786720246077e-04
2.736619301140308380e-02
7.928599370643496513e-04
6.415343377739191055e-04
5.929491599090397358e-04
