4.219267982989549637e-03
2.058714861050248146e-03
1.498088357038795948e-03
2.614954719319939613e-03
1.912309089675545692e-03
7.808842230588197708e-03
2.665637526661157608e-03
2.000580541789531708e-03
3.785122884437441826e-03
1.080756075680255890e-03
4.828437268733978271e-01
1.990223536267876625e-03
4.605375975370407104e-02
1.700948225334286690e-03
2.410877496004104614e-03
8.503374992869794369e-04
9.187539108097553253e-03
2.205244963988661766e-03
4.212363660335540771e-01
1.876674126833677292e-03
