5.015309527516365051e-02
4.393283650279045105e-02
4.252141341567039490e-02
5.075729265809059143e-02
4.535336419939994812e-02
5.161595344543457031e-02
4.491281509399414062e-02
4.156161099672317505e-02
4.416582733392715454e-02
3.865317255258560181e-02
4.764695093035697937e-02
4.545872658491134644e-02
6.006141006946563721e-02
4.195133596658706665e-02
4.853630810976028442e-02
4.321355000138282776e-02
1.265119314193725586e-01
4.801750555634498596e-02
3.713178634643554688e-02
4.784310236573219299e-02
