1.708586716553384122e-09
1.432555518654510252e-09
1.333089971744527702e-09
6.230219451452967405e-09
4.188799085369510067e-09
2.151124789406821947e-08
1.869459920200711167e-09
6.826806897564097198e-10
5.554846027600035541e-10
3.389578617785105052e-10
1.192651666315214243e-07
2.594780168507782037e-09
9.999998807907104492e-01
5.446075257431459704e-10
9.199710437890473713e-10
6.978722599804143556e-10
8.308254528799352556e-09
4.119557583948108004e-09
7.168869942120181804e-10
1.919352898838155852e-09
