4.333447664976119995e-03
2.944936277344822884e-03
2.427894389256834984e-03
3.668622113764286041e-03
2.977880416437983513e-03
7.262860890477895737e-03
2.035267185419797897e-03
2.710959408432245255e-03
4.169503226876258850e-03
1.814147923141717911e-03
1.145995222032070160e-02
3.007371909916400909e-03
8.572726510465145111e-03
2.427424537017941475e-03
3.467659233137965202e-03
2.159531461074948311e-03
9.125324487686157227e-01
3.265622071921825409e-03
1.528584584593772888e-02
3.475855104625225067e-03
