6.251595448702573776e-03
3.535720752552151680e-03
3.616962814703583717e-03
5.073977634310722351e-03
3.927175421267747879e-03
8.528903126716613770e-03
7.088727317750453949e-03
2.966972766444087029e-03
4.791080020368099213e-03
2.378931967541575432e-03
8.855971097946166992e-01
5.936619825661182404e-03
2.455722354352474213e-02
4.233104642480611801e-03
5.303105805069208145e-03
2.289338270202279091e-03
1.234611030668020248e-02
4.360652063041925430e-03
3.572148736566305161e-03
3.644534852355718613e-03
