2.602169662714004517e-02
1.752621494233608246e-02
1.239270437508821487e-02
1.876500062644481659e-02
2.033384889364242554e-02
3.727912902832031250e-02
1.521452330052852631e-02
1.693182997405529022e-02
2.007246762514114380e-02
1.206183061003684998e-02
2.388557605445384979e-02
1.420451980084180832e-02
1.413415223360061646e-01
1.173326652497053146e-02
1.634543389081954956e-02
1.227812934666872025e-02
1.269329637289047241e-01
1.860071718692779541e-02
4.203938543796539307e-01
1.768465898931026459e-02
