1.999552478082478046e-05
1.150062416854780167e-05
7.519131486333208159e-06
1.801141843316145241e-05
8.441967111139092594e-06
5.218127262196503580e-05
6.752291938028065488e-06
7.865402039897162467e-06
1.484864606027258560e-05
4.465035544853890315e-06
3.744368150364607573e-04
1.400180372002068907e-05
2.278027386637404561e-05
7.922005352156702429e-06
1.978882210096344352e-05
6.869766366435214877e-06
9.993742108345031738e-01
1.230709676747210324e-05
2.137172486982308328e-06
1.387188513035653159e-05
