8.251359395217150450e-05
9.659703937359154224e-05
6.591908459085971117e-05
1.357312721665948629e-04
1.871534477686509490e-04
3.605049278121441603e-04
7.392704719677567482e-05
5.577629781328141689e-05
4.951172377332113683e-05
3.960381945944391191e-05
8.666594658279791474e-05
1.078955683624371886e-04
9.978082776069641113e-01
4.430577246239408851e-05
6.845093594165518880e-05
6.093804040574468672e-05
3.426792682148516178e-04
1.312290987698361278e-04
1.025888050207868218e-04
9.974571003112941980e-05
