6.894814305269392207e-06
4.493958385864971206e-06
2.964065970445517451e-06
7.611504315718775615e-06
5.006478204450104386e-06
2.247221345896832645e-05
3.082390321651473641e-06
2.793338808260159567e-06
5.481033895193831995e-06
1.627096366974001285e-06
2.152646629838272929e-05
4.596920007315929979e-06
9.567593224346637726e-06
2.399679942755028605e-06
6.641221261816099286e-06
2.841898776750895195e-06
9.998787641525268555e-01
4.208506197755923495e-06
1.439551965631835628e-06
5.595424681814620271e-06
