4.479329660534858704e-02
4.173343256115913391e-02
3.744556382298469543e-02
4.623089730739593506e-02
5.026373639702796936e-02
5.639956891536712646e-02
4.669080674648284912e-02
3.573782742023468018e-02
3.951450809836387634e-02
3.183717653155326843e-02
3.008231520652770996e-02
4.334149882197380066e-02
1.045934483408927917e-01
3.218719363212585449e-02
4.183825105428695679e-02
3.742083534598350525e-02
1.378157734870910645e-01
4.406565055251121521e-02
5.410478636622428894e-02
4.390346258878707886e-02
