1.979997754096984863e-02
1.408502552658319473e-02
1.146657578647136688e-02
1.553098298609256744e-02
1.288872677832841873e-02
2.507194690406322479e-02
9.772263467311859131e-03
1.324002258479595184e-02
1.903580129146575928e-02
9.891487658023834229e-03
4.364332184195518494e-02
1.359198708087205887e-02
2.856975793838500977e-02
1.260661426931619644e-02
1.671488210558891296e-02
1.111428998410701752e-02
6.471295952796936035e-01
1.601611077785491943e-02
4.536112770438194275e-02
1.446953974664211273e-02
