2.046298049390316010e-02
1.591387391090393066e-02
1.306392252445220947e-02
1.978234760463237762e-02
1.821338571608066559e-02
2.891199477016925812e-02
1.726339384913444519e-02
1.302494388073682785e-02
1.610105857253074646e-02
9.575813077390193939e-03
1.225434169173240662e-01
1.887974143028259277e-02
2.731876075267791748e-02
1.288432255387306213e-02
1.847875490784645081e-02
1.197228394448757172e-02
5.781449079513549805e-01
1.558390725404024124e-02
6.320019252598285675e-03
1.556015852838754654e-02
