6.442849989980459213e-03
5.688677541911602020e-03
4.011229611933231354e-03
7.428981829434633255e-03
8.712748996913433075e-03
1.663977093994617462e-02
4.855763632804155350e-03
3.626203164458274841e-03
4.587781615555286407e-03
2.732346765697002411e-03
3.710016142576932907e-03
5.553063936531543732e-03
1.036371141672134399e-01
3.053389955312013626e-03
5.815835203975439072e-03
4.350875969976186752e-03
7.923635840415954590e-01
6.744258105754852295e-03
4.279687069356441498e-03
5.765919573605060577e-03
