1.465274672955274582e-02
1.161458622664213181e-02
1.022898498922586441e-02
1.478964928537607193e-02
1.616102270781993866e-02
2.829931490123271942e-02
1.495726034045219421e-02
9.684555232524871826e-03
1.238590199500322342e-02
7.181256543844938278e-03
1.055865809321403503e-01
1.267662085592746735e-02
5.242521166801452637e-01
9.039735421538352966e-03
1.425511296838521957e-02
8.840816095471382141e-03
1.132241711020469666e-01
1.060494873672723770e-02
5.125025659799575806e-02
1.031442359089851379e-02
