6.219035014510154724e-03
3.455915488302707672e-03
3.489780239760875702e-03
5.100913811475038528e-03
4.648467525839805603e-03
1.309680752456188202e-02
9.233205579221248627e-03
2.959837671369314194e-03
4.494460299611091614e-03
2.208204707130789757e-03
8.493314385414123535e-01
5.316290538758039474e-03
4.187307879328727722e-02
3.433741629123687744e-03
4.851992707699537277e-03
2.077867509797215462e-03
6.175417918711900711e-03
3.885695710778236389e-03
2.475030720233917236e-02
3.397599328309297562e-03
