1.643145456910133362e-02
1.071482710540294647e-02
8.674041368067264557e-03
1.313136704266071320e-02
1.407449878752231598e-02
2.769952826201915741e-02
8.044282905757427216e-03
1.010618172585964203e-02
1.437946315854787827e-02
7.435195147991180420e-03
1.448662579059600830e-02
9.880630299448966980e-03
1.562268435955047607e-01
8.305689319968223572e-03
1.141245476901531219e-02
8.121500723063945770e-03
5.098906755447387695e-01
1.323341857641935349e-02
1.255204975605010986e-01
1.223074365407228470e-02
