5.844422848895192146e-04
4.106418346054852009e-04
3.432444937061518431e-04
6.124295759946107864e-04
4.175620269961655140e-04
1.288994099013507366e-03
3.349746111780405045e-04
2.839695080183446407e-04
4.673020157497376204e-04
1.848859537858515978e-04
3.156762337312102318e-03
4.793629050254821777e-04
2.104005543515086174e-03
2.868161245714873075e-04
6.095313583500683308e-04
2.744345983956009150e-04
9.871160387992858887e-01
3.925109340343624353e-04
2.188354701502248645e-04
4.330703523010015488e-04
