2.690052613615989685e-03
1.563477329909801483e-03
1.179049140773713589e-03
2.026310190558433533e-03
2.024354413151741028e-03
5.891076289117336273e-03
1.228833454661071301e-03
1.716941711492836475e-03
2.335756551474332809e-03
8.561203139834105968e-04
1.992652937769889832e-02
1.164410263299942017e-03
4.703494310379028320e-01
1.161124557256698608e-03
1.514234463684260845e-03
8.091755444183945656e-04
2.679712139070034027e-02
1.621619448997080326e-03
4.536537528038024902e-01
1.490649650804698467e-03
