1.255899405805394053e-06
8.206539519051148091e-07
6.067661502129340079e-07
1.886893073788087349e-06
2.014075107581447810e-06
8.265908945759292692e-06
7.935866506159072742e-07
5.561896045946923550e-07
6.120344551163725555e-07
3.132319363885471830e-07
1.339997743343701586e-05
7.768809950903232675e-07
9.999220371246337891e-01
3.969543627135863062e-07
8.276774678961373866e-07
4.105937705389806069e-07
9.269561815017368644e-06
1.186336248792940751e-06
3.376859604031778872e-05
8.407411655753094237e-07
