1.332565862685441971e-02
7.794254925101995468e-03
7.012173999100923538e-03
1.092726271599531174e-02
1.057056710124015808e-02
2.488430030643939972e-02
1.111581455916166306e-02
8.195732720196247101e-03
1.147327292710542679e-02
5.720634944736957550e-03
1.908329576253890991e-01
8.263478986918926239e-03
2.246284931898117065e-01
7.005787454545497894e-03
1.007142383605241776e-02
5.275028757750988007e-03
2.010652236640453339e-02
8.605651557445526123e-03
4.059246778488159180e-01
8.266295306384563446e-03
