1.035071094520390034e-03
7.018859614618122578e-04
4.851238627452403307e-04
8.757728501223027706e-04
6.494708359241485596e-04
2.121710218489170074e-03
6.236591143533587456e-04
5.195821286179125309e-04
8.906784350983798504e-04
3.450843796599656343e-04
1.818554475903511047e-02
8.400863152928650379e-04
9.725521667860448360e-04
5.453478661365807056e-04
9.873340604826807976e-04
4.458510957192629576e-04
9.677351713180541992e-01
6.329703028313815594e-04
6.609709234908223152e-04
7.460878114216029644e-04
