3.279915574694314273e-07
1.908105247139246785e-07
1.018358872784119740e-07
3.715167906648275675e-07
2.017275733123824466e-07
1.471231030336639378e-06
1.292157776333624497e-07
9.538337764070092817e-08
2.165746906257481896e-07
5.232622513062779035e-08
1.244246732312603854e-06
1.888871992150598089e-07
2.652536466030142037e-07
8.093429215705327806e-08
3.033446205336076673e-07
9.987363824848216609e-08
9.999941587448120117e-01
1.669910147938935552e-07
3.233701661997656629e-08
2.330486523760555428e-07
