4.700004309415817261e-02
4.131135344505310059e-02
3.659860789775848389e-02
4.474134743213653564e-02
4.893190413713455200e-02
5.967300012707710266e-02
4.886515438556671143e-02
3.895964100956916809e-02
4.198675975203514099e-02
3.434782102704048157e-02
4.922891780734062195e-02
3.943817690014839172e-02
8.285685628652572632e-02
3.228867799043655396e-02
4.162736237049102783e-02
3.581541404128074646e-02
7.301425933837890625e-02
4.100871831178665161e-02
1.191807836294174194e-01
4.312520101666450500e-02
