8.419207297265529633e-04
6.742316181771457195e-04
4.845127405133098364e-04
9.275004849769175053e-04
9.639397612772881985e-04
2.026169095188379288e-03
5.021968972869217396e-04
5.568631459027528763e-04
5.532543291337788105e-04
3.645110118668526411e-04
1.413977355696260929e-03
5.697394371964037418e-04
9.705792665481567383e-01
4.114261246286332607e-04
5.974599625915288925e-04
4.209748003631830215e-04
3.472328651696443558e-03
7.259036065079271793e-04
1.327967550605535507e-02
6.342547712847590446e-04
