7.418693508952856064e-03
4.424896556884050369e-03
3.320038318634033203e-03
4.941510036587715149e-03
5.207548849284648895e-03
1.238980330526828766e-02
4.179662559181451797e-03
4.694870673120021820e-03
6.417931988835334778e-03
2.860484411939978600e-03
2.653638273477554321e-02
3.417800413444638252e-03
8.982190489768981934e-02
3.189343959093093872e-03
4.643473774194717407e-03
2.692502923309803009e-03
3.797658160328865051e-02
4.410382825881242752e-03
7.669584751129150391e-01
4.497674293816089630e-03
