5.386242177337408066e-03
4.443855956196784973e-03
3.670632839202880859e-03
6.570186931639909744e-03
6.188085768371820450e-03
1.258121430873870850e-02
3.323534736409783363e-03
2.996816299855709076e-03
3.675160463899374008e-03
2.364588435739278793e-03
4.158477764576673508e-03
5.026559345424175262e-03
5.874584317207336426e-01
2.957571065053343773e-03
5.140739958733320236e-03
3.581681055948138237e-03
3.260587155818939209e-01
6.299602799117565155e-03
2.956133102998137474e-03
5.161751993000507355e-03
