6.334017962217330933e-03
5.795926321297883987e-03
4.283399786800146103e-03
8.437113836407661438e-03
8.646173402667045593e-03
1.704018749296665192e-02
4.471171647310256958e-03
3.779961029067635536e-03
4.222736228257417679e-03
2.969406312331557274e-03
4.781249444931745529e-03
6.020240485668182373e-03
6.369454264640808105e-01
3.324199700728058815e-03
5.588839296251535416e-03
4.385090898722410202e-03
2.558281719684600830e-01
7.213050033897161484e-03
3.538006683811545372e-03
6.395603064447641373e-03
