2.728538529481738806e-04
1.488052948843687773e-04
1.092615566449239850e-04
2.545308379922062159e-04
1.549824664834886789e-04
9.230240248143672943e-04
2.666259533725678921e-04
9.327426960226148367e-05
1.972557220142334700e-04
4.975880074198357761e-05
7.792444229125976562e-01
2.673326525837182999e-04
7.156004430726170540e-04
1.271369983442127705e-04
2.390160952927544713e-04
5.851601963513530791e-05
2.165523767471313477e-01
1.298458810197189450e-04
5.528442125068977475e-05
1.401983172399923205e-04
