4.982579965144395828e-03
4.385743290185928345e-03
4.125780891627073288e-03
6.114765536040067673e-03
6.143079139292240143e-03
9.740525856614112854e-03
4.087418317794799805e-03
3.376456443220376968e-03
3.277392825111746788e-03
2.799234120175242424e-03
8.805598132312297821e-03
4.790215287357568741e-03
9.030026197433471680e-01
3.183242166414856911e-03
4.142337478697299957e-03
3.498675767332315445e-03
1.043982338160276413e-02
5.409615114331245422e-03
2.850853139534592628e-03
4.844056442379951477e-03
