1.428650226444005966e-03
1.023175776936113834e-03
8.474767091684043407e-04
1.484125969000160694e-03
1.226838678121566772e-03
2.725666388869285583e-03
8.096591336652636528e-04
7.511801086366176605e-04
1.166826230473816395e-03
5.724331131204962730e-04
2.754664747044444084e-03
1.250660629011690617e-03
1.221647951751947403e-02
7.845573709346354008e-04
1.500331447459757328e-03
8.568607154302299023e-04
9.655141234397888184e-01
1.121047651395201683e-03
8.721482590772211552e-04
1.093127881176769733e-03
