2.728431671857833862e-02
1.892245747148990631e-02
1.866562850773334503e-02
2.665428258478641510e-02
2.568725682795047760e-02
3.671541064977645874e-02
2.450804598629474640e-02
1.823412813246250153e-02
2.248760499060153961e-02
1.494614407420158386e-02
1.634006798267364502e-01
2.101844176650047302e-02
3.497250080108642578e-01
1.823763176798820496e-02
2.171018719673156738e-02
1.505501009523868561e-02
2.488971315324306488e-02
2.147897705435752869e-02
1.102042794227600098e-01
2.017482742667198181e-02
