2.668765746057033539e-02
1.762149110436439514e-02
1.553218252956867218e-02
2.145235799252986908e-02
2.142294682562351227e-02
4.025089740753173828e-02
2.435003966093063354e-02
1.830439642071723938e-02
2.173816971480846405e-02
1.350338757038116455e-02
1.251002252101898193e-01
1.874198392033576965e-02
1.216833442449569702e-01
1.415614597499370575e-02
1.991485431790351868e-02
1.382920145988464355e-02
5.898926407098770142e-02
1.783277839422225952e-02
3.711955547332763672e-01
1.769312843680381775e-02
