5.834023468196392059e-04
5.576806725002825260e-04
4.341299645602703094e-04
8.485127473250031471e-04
1.040598610416054726e-03
1.765905064530670643e-03
5.577194970101118088e-04
4.312579403631389141e-04
3.684448020067065954e-04
3.294410416856408119e-04
8.712509879842400551e-04
6.349267205223441124e-04
9.863927960395812988e-01
3.379535919521003962e-04
4.588151932694017887e-04
4.244983720127493143e-04
1.279328367672860622e-03
7.382398471236228943e-04
1.336288172751665115e-03
6.086272187530994415e-04
