1.536064664833247662e-03
6.320939864963293076e-04
5.537212709896266460e-04
9.644479723647236824e-04
6.186870159581303596e-04
3.281089011579751968e-03
9.889815701171755791e-04
6.115759606473147869e-04
1.426181639544665813e-03
3.256097261328250170e-04
8.712052702903747559e-01
8.684399072080850601e-04
2.283189445734024048e-02
6.298531079664826393e-04
1.065336517058312893e-03
2.858364896383136511e-04
5.686180200427770615e-03
7.650759653188288212e-04
8.504906296730041504e-02
6.746890139766037464e-04
