1.382248115078255069e-06
1.282759626519691665e-06
1.157028236775659025e-06
2.623243517518858425e-06
2.933229325208230875e-06
6.980408670642646030e-06
1.096263304134481587e-06
8.402656703765387647e-07
7.031081281638762448e-07
4.998575491299561691e-07
4.588834599417168647e-06
1.590979081811383367e-06
9.999561309814453125e-01
6.760724886589741800e-07
1.015058955999847967e-06
8.668112059240229428e-07
1.058665384334744886e-05
2.128763981090742163e-06
1.464000888518057764e-06
1.462440764044004027e-06
