1.268810941837728024e-03
7.228053873404860497e-04
5.134085076861083508e-04
8.898826781660318375e-04
8.301056222990155220e-04
2.884128596633672714e-03
5.590195069089531898e-04
6.576465093530714512e-04
1.184780267067253590e-03
3.486805362626910210e-04
1.845706836320459843e-03
5.206989008001983166e-04
2.908364636823534966e-03
4.177167429588735104e-04
7.035487215034663677e-04
4.254078085068613291e-04
9.563879966735839844e-01
8.699150057509541512e-04
2.515980228781700134e-02
9.015611140057444572e-04
