2.352115416215383448e-06
2.489392272764234804e-06
1.968993501577642746e-06
4.828142209589714184e-06
4.953604729962535203e-06
1.205418720928719267e-05
2.060390215774532408e-06
1.463025228076730855e-06
1.117037754738703370e-06
9.531751743452332448e-07
7.605780410813167691e-06
2.990280563608394004e-06
9.999303817749023438e-01
1.156050871031766292e-06
1.699352878858917393e-06
1.496544768997409847e-06
1.182309006253490224e-05
3.993043719674460590e-06
1.959729615919059142e-06
2.674184088391484693e-06
