1.372799649834632874e-02
8.131752721965312958e-03
5.932625848799943924e-03
9.112330153584480286e-03
8.205919526517391205e-03
2.165828645229339600e-02
6.556274369359016418e-03
8.216111920773983002e-03
1.287954114377498627e-02
5.244233179837465286e-03
3.768987581133842468e-02
6.248047575354576111e-03
3.274920955300331116e-02
5.750589072704315186e-03
7.591139525175094604e-03
4.794678650796413422e-03
2.482694834470748901e-01
8.334174752235412598e-03
5.399173498153686523e-01
8.990365080535411835e-03
