1.260267599718645215e-04
1.220482590724714100e-04
1.095696788979694247e-04
2.029387542279437184e-04
2.086629101540893316e-04
3.573235007934272289e-04
1.147841394413262606e-04
9.000948193715885282e-05
7.330592779908329248e-05
6.607320392504334450e-05
2.716107119340449572e-04
1.446713140467181802e-04
9.970585107803344727e-01
7.756010018056258559e-05
9.543931810185313225e-05
9.099582530325278640e-05
3.486837667878717184e-04
1.804439380066469312e-04
1.266976469196379185e-04
1.345635391771793365e-04
