2.808643132448196411e-02
2.180535718798637390e-02
1.590848900377750397e-02
2.341257594525814056e-02
1.850425451993942261e-02
4.050038754940032959e-02
1.800815947353839874e-02
2.025339566171169281e-02
2.611222118139266968e-02
1.296088378876447678e-02
1.030089557170867920e-01
1.758255995810031891e-02
2.478568628430366516e-02
1.484897453337907791e-02
1.887857727706432343e-02
1.320388726890087128e-02
3.947299420833587646e-01
2.048303559422492981e-02
1.458702385425567627e-01
2.105593681335449219e-02
