1.261648908257484436e-02
1.000176556408405304e-02
7.732667960226535797e-03
1.160310767590999603e-02
1.119083259254693985e-02
1.789456419646739960e-02
9.554054588079452515e-03
7.777268532663583755e-03
1.061679515987634659e-02
6.455001886934041977e-03
1.583383791148662567e-02
9.171690791845321655e-03
9.644041769206523895e-03
6.729826796799898148e-03
1.073415018618106842e-02
8.143383078277111053e-03
8.050543665885925293e-01
9.012678638100624084e-03
9.808911010622978210e-03
1.042453292757272720e-02
