3.278580680489540100e-02
2.228183485567569733e-02
1.697418093681335449e-02
2.388194389641284943e-02
1.816769316792488098e-02
3.973900899291038513e-02
1.699275895953178406e-02
2.192164584994316101e-02
3.092700988054275513e-02
1.444071717560291290e-02
8.718857914209365845e-02
1.848042570054531097e-02
3.178247436881065369e-02
1.677149906754493713e-02
2.030148729681968689e-02
1.384794991463422775e-02
2.998602390289306641e-01
2.254992909729480743e-02
2.289569675922393799e-01
2.214788086712360382e-02
