1.749458163976669312e-02
1.353211794048547745e-02
1.111786067485809326e-02
1.690408214926719666e-02
1.492101885378360748e-02
2.436808869242668152e-02
1.256260182708501816e-02
1.094878185540437698e-02
1.411759294569492340e-02
9.413935244083404541e-03
5.149928480386734009e-02
1.423572003841400146e-02
2.512023784220218658e-02
1.136451587080955505e-02
1.549443509429693222e-02
1.148480083793401718e-02
6.877149939537048340e-01
1.479553803801536560e-02
7.829097099602222443e-03
1.508072670549154282e-02
