1.708929426968097687e-02
1.110646035522222519e-02
9.584434330463409424e-03
1.326501742005348206e-02
1.223515439778566360e-02
2.450605854392051697e-02
9.277224540710449219e-03
1.089682336896657944e-02
1.549019291996955872e-02
8.235061541199684143e-03
2.849725633859634399e-02
1.132234372198581696e-02
5.389497429132461548e-02
1.014510076493024826e-02
1.441576145589351654e-02
9.353233501315116882e-03
6.058595776557922363e-01
1.266464032232761383e-02
1.089230552315711975e-01
1.323837041854858398e-02
