1.782903746061492711e-05
1.036753019434399903e-05
5.105372110847383738e-06
1.581471769895870239e-05
1.621082810743246228e-05
1.013554647215642035e-04
6.639004368480527773e-06
8.932581295084673911e-06
1.237783999386010692e-05
3.432877974773873575e-06
1.205521402880549431e-04
5.621879608952440321e-06
9.785317182540893555e-01
4.099270881852135062e-06
7.264207397383870557e-06
3.390302708794479258e-06
2.449624298606067896e-04
1.075676209438825026e-05
2.086367830634117126e-02
9.880735888145864010e-06
