2.955129137262701988e-03
1.420776359736919403e-03
1.230770256370306015e-03
2.280064858496189117e-03
1.832652604207396507e-03
7.451347075402736664e-03
2.864497713744640350e-03
1.425782218575477600e-03
2.517931163311004639e-03
8.226945064961910248e-04
6.439409852027893066e-01
1.710682641714811325e-03
7.531927525997161865e-02
1.299511874094605446e-03
2.140106633305549622e-03
7.643651915714144707e-04
6.047272123396396637e-03
1.415166421793401241e-03
2.411541938781738281e-01
1.406818861141800880e-03
