2.001413813559338450e-04
1.176385412691161036e-04
7.814064883859828115e-05
1.641782291699200869e-04
1.003815777949057519e-04
7.790084346197545528e-04
1.301876764046028256e-04
8.062833512667566538e-05
1.656451058806851506e-04
3.787886089412495494e-05
1.362840980291366577e-01
1.689105556579306722e-04
3.597726463340222836e-04
8.222329051932319999e-05
1.752894313540309668e-04
4.574826743919402361e-05
8.605118989944458008e-01
9.261573723051697016e-05
3.170984855387359858e-04
1.084747200366109610e-04
