2.653499832376837730e-03
2.691031899303197861e-03
1.934000174514949322e-03
3.517130389809608459e-03
3.873742651194334030e-03
7.693471387028694153e-03
2.040514955297112465e-03
1.682135509327054024e-03
1.750563504174351692e-03
1.205692300572991371e-03
1.747235190123319626e-03
2.774030202999711037e-03
9.216952323913574219e-01
1.353394472971558571e-03
2.176307607442140579e-03
1.916904817335307598e-03
3.135764971375465393e-02
3.699141787365078926e-03
1.486282679252326488e-03
2.752027707174420357e-03
