1.480540167540311813e-02
8.984892629086971283e-03
7.209508214145898819e-03
1.016675494611263275e-02
8.926955051720142365e-03
2.113618701696395874e-02
8.438279852271080017e-03
9.562661871314048767e-03
1.431883592158555984e-02
6.170778069645166397e-03
1.157222390174865723e-01
7.844666019082069397e-03
6.284250319004058838e-02
7.503776345402002335e-03
9.732391685247421265e-03
5.278020631521940231e-03
4.133109375834465027e-02
9.360267780721187592e-03
6.218103170394897461e-01
8.854392915964126587e-03
