7.911154069006443024e-03
4.686833359301090240e-03
3.567357081919908524e-03
6.428868975490331650e-03
5.593365523964166641e-03
1.380383037030696869e-02
4.661338403820991516e-03
4.687912762165069580e-03
6.561658810824155807e-03
3.026711987331509590e-03
5.692949146032333374e-02
3.535301424562931061e-03
4.495013058185577393e-01
3.569364780560135841e-03
4.944269079715013504e-03
2.571889664977788925e-03
1.573494821786880493e-02
4.746625199913978577e-03
3.930935859680175781e-01
4.444263409823179245e-03
