4.797153174877166748e-02
4.489643871784210205e-02
3.841879591345787048e-02
4.894775152206420898e-02
5.214077606797218323e-02
5.875415354967117310e-02
4.726193845272064209e-02
3.947234153747558594e-02
4.244342818856239319e-02
3.574755415320396423e-02
3.895050659775733948e-02
4.598189145326614380e-02
9.055875241756439209e-02
3.698135167360305786e-02
4.448207467794418335e-02
4.233168810606002808e-02
9.850449115037918091e-02
4.972883313894271851e-02
4.782021418213844299e-02
4.860548302531242371e-02
