5.875159404240548611e-04
5.225806380622088909e-04
5.203243927098810673e-04
8.686289074830710888e-04
8.778921910561621189e-04
1.445305650122463703e-03
5.227269139140844345e-04
3.957279259338974953e-04
4.175584472250193357e-04
2.860662643797695637e-04
2.055311342701315880e-03
6.187862018123269081e-04
9.850584268569946289e-01
3.756365331355482340e-04
4.907049005851149559e-04
4.246966273058205843e-04
2.542727626860141754e-03
6.727807340212166309e-04
7.959904614835977554e-04
5.206292262300848961e-04
