3.877687035128474236e-03
2.297979546710848808e-03
1.705926028080284595e-03
2.877997001633048058e-03
1.792938564904034138e-03
5.868957843631505966e-03
1.966544426977634430e-03
1.751850475557148457e-03
2.688696607947349548e-03
1.140587613917887211e-03
6.763368844985961914e-02
2.986833686009049416e-03
3.673475934192538261e-03
1.830484718084335327e-03
3.521510865539312363e-03
1.428616466000676155e-03
8.876156806945800781e-01
2.348097041249275208e-03
6.032626261003315449e-04
2.389128552749752998e-03
