7.123140676412731409e-05
6.326860602712258697e-05
6.067504000384360552e-05
1.087317214114591479e-04
1.034726956277154386e-04
1.958184875547885895e-04
5.529838745133019984e-05
4.472075670491904020e-05
4.165515929344110191e-05
3.163114888593554497e-05
1.603894634172320366e-04
8.122130384435877204e-05
9.978803396224975586e-01
4.408708991832099855e-05
5.943263022345490754e-05
4.686873944592662156e-05
7.186591392382979393e-04
1.009313564281910658e-04
6.490457599284127355e-05
6.674337782897055149e-05
