4.557869397103786469e-03
3.965424839407205582e-03
3.788711270317435265e-03
6.283753085881471634e-03
6.099341902881860733e-03
8.034819737076759338e-03
5.034750793129205704e-03
3.480654908344149590e-03
3.167988033965229988e-03
2.886544214561581612e-03
1.282607577741146088e-02
4.959663376212120056e-03
9.050943255424499512e-01
3.365150885656476021e-03
3.354197833687067032e-03
3.478005295619368553e-03
5.124764982610940933e-03
5.326049868017435074e-03
4.538026172667741776e-03
4.633970092982053757e-03
