4.577292595058679581e-03
2.531968522816896439e-03
1.887580496259033680e-03
3.016053233295679092e-03
2.930277725681662560e-03
9.376709349453449249e-03
2.253038343042135239e-03
2.782169496640563011e-03
4.299650900065898895e-03
1.497531775385141373e-03
2.994910627603530884e-02
2.057478995993733406e-03
2.038845233619213104e-02
1.723476685583591461e-03
2.623681910336017609e-03
1.336823916062712669e-03
1.054250821471214294e-01
2.501835580915212631e-03
7.960255742073059082e-01
2.816267311573028564e-03
