3.976553678512573242e-02
2.825380489230155945e-02
2.780318446457386017e-02
3.406881541013717651e-02
2.893932908773422241e-02
4.383309558033943176e-02
3.671964257955551147e-02
2.507830224931240082e-02
3.049079142510890961e-02
2.148155309259891510e-02
3.579856157302856445e-01
3.702918440103530884e-02
4.951062798500061035e-02
2.882293239235877991e-02
3.628234192728996277e-02
2.159739285707473755e-02
7.504793256521224976e-02
3.101088292896747589e-02
1.825294271111488342e-02
2.802610397338867188e-02
