1.013121436699293554e-05
6.026137270964682102e-06
4.202169748168671504e-06
1.057799545378657058e-05
5.746534498030086979e-06
2.768818012555129826e-05
3.486526566121028736e-06
4.120955509279156104e-06
8.144293133227620274e-06
2.471678726578829810e-06
1.979396620299667120e-05
6.103902251197723672e-06
1.557048926770221442e-05
3.674752861115848646e-06
1.017389331536833197e-05
4.407298092701239511e-06
9.998397827148437500e-01
6.742654477420728654e-06
2.998193394887493923e-06
8.190888365788850933e-06
