1.845951919676735997e-04
1.808269007597118616e-04
1.656497479416429996e-04
2.873129269573837519e-04
3.322007250972092152e-04
5.781060899607837200e-04
1.676178944762796164e-04
1.268274936592206359e-04
1.204077561851590872e-04
9.789324394660070539e-05
3.981534100603312254e-04
2.137131086783483624e-04
9.953466057777404785e-01
1.162402404588647187e-04
1.553999900352209806e-04
1.363783230772241950e-04
7.470191339962184429e-04
2.489824837539345026e-04
1.969119766727089882e-04
1.991090684896335006e-04
