4.612886812537908554e-03
1.975840656086802483e-03
1.397654996253550053e-03
2.394529990851879120e-03
1.455457648262381554e-03
8.887824602425098419e-03
1.550812274217605591e-03
2.114840783178806305e-03
4.349030554294586182e-03
9.582689381204545498e-04
2.044316381216049194e-01
1.921376329846680164e-03
1.881951838731765747e-02
1.476558623835444450e-03
2.689562039449810982e-03
8.867665892466902733e-04
1.299002021551132202e-01
2.241262001916766167e-03
6.058320403099060059e-01
2.103871200233697891e-03
