9.416848421096801758e-03
5.631768610328435898e-03
4.784371703863143921e-03
7.880697958171367645e-03
6.937695201486349106e-03
1.900004222989082336e-02
8.790626190602779388e-03
5.548992194235324860e-03
7.332956884056329727e-03
3.734815167263150215e-03
2.460329383611679077e-01
6.465850863605737686e-03
3.815789222717285156e-01
4.798770882189273834e-03
6.943427491933107376e-03
3.771071089431643486e-03
1.838915236294269562e-02
5.671553779393434525e-03
2.419794797897338867e-01
5.309896077960729599e-03
