1.710100471973419189e-02
1.412129588425159454e-02
1.169287879019975662e-02
1.690579019486904144e-02
1.919311471283435822e-02
3.271637111902236938e-02
1.250786054879426956e-02
1.154745370149612427e-02
1.381001807749271393e-02
9.036034345626831055e-03
1.150894071906805038e-02
1.448574755340814590e-02
5.250399708747863770e-01
1.068068202584981918e-02
1.474632974714040756e-02
1.131204329431056976e-02
1.816212385892868042e-01
1.885060779750347137e-02
3.763397410511970520e-02
1.548868604004383087e-02
