5.254457145929336548e-02
4.729522019624710083e-02
4.412135109305381775e-02
5.240844935178756714e-02
5.434615537524223328e-02
5.447531491518020630e-02
5.520039796829223633e-02
4.367486387491226196e-02
4.620789363980293274e-02
4.338827729225158691e-02
4.595122858881950378e-02
4.652151092886924744e-02
4.656904190778732300e-02
4.195488989353179932e-02
4.607198759913444519e-02
4.491664469242095947e-02
8.366785943508148193e-02
4.699807241559028625e-02
5.449937656521797180e-02
4.918685927987098694e-02
