2.822218675646581687e-06
1.799816459424619097e-06
9.070523105947358999e-07
3.172079914293135516e-06
3.379035661055240780e-06
1.652389801165554672e-05
1.148729552369331941e-06
1.389236672366678249e-06
1.309836420659848955e-06
6.085620611884223763e-07
8.894655366020742804e-06
1.213808218381018378e-06
9.991918206214904785e-01
6.729817414452554658e-07
1.426763560630206484e-06
7.281124680957873352e-07
2.555725222919136286e-05
2.001985649258131161e-06
7.332016248255968094e-04
1.606701175660418812e-06
