7.438443717546761036e-04
2.753399021457880735e-04
2.237172448076307774e-04
4.496254259720444679e-04
3.182645305059850216e-04
1.745461719110608101e-03
6.592535646632313728e-04
2.499002148397266865e-04
6.413305527530610561e-04
1.360799942631274462e-04
9.503523111343383789e-01
3.801151469815522432e-04
1.353163644671440125e-02
2.713504945859313011e-04
4.683944571297615767e-04
1.119551525334827602e-04
1.118057174608111382e-03
3.177859180141240358e-04
2.772020548582077026e-02
2.851936442311853170e-04
