5.769829294877126813e-05
3.997390740551054478e-05
2.647002111189067364e-05
6.430015491787344217e-05
4.533198443823494017e-05
1.448975381208583713e-04
3.061946699745021760e-05
2.681856312847230583e-05
4.165323116467334330e-05
1.641167546040378511e-05
8.808399434201419353e-05
3.818573895841836929e-05
4.763967081089504063e-05
2.014245728787500411e-05
5.471701297210529447e-05
2.659938218130264431e-05
9.991387128829956055e-01
3.534663119353353977e-05
1.275447903026361018e-05
4.360262028058059514e-05
