1.567490107845515013e-05
9.587020940671209246e-06
7.008644843153888360e-06
1.580116986588109285e-05
1.029591203405288979e-05
4.957421333529055119e-05
6.015795861458173022e-06
6.883088190079433843e-06
1.413117024640087038e-05
4.005042228527599946e-06
3.850022767437621951e-05
8.678878657519817352e-06
2.460572068230248988e-05
5.602201781584881246e-06
1.272522968065459281e-05
6.659628525085281581e-06
9.997244477272033691e-01
1.115583108912687749e-05
1.520865316706476733e-05
1.323532433161744848e-05
