5.674744606949388981e-04
5.236047436483204365e-04
4.063226515427231789e-04
6.678491481579840183e-04
8.746376261115074158e-04
1.540823606774210930e-03
4.085256950929760933e-04
3.755025682039558887e-04
3.647786506917327642e-04
2.637142024468630552e-04
4.922068328596651554e-04
5.375874461606144905e-04
9.853717684745788574e-01
3.125203656964004040e-04
4.913269658572971821e-04
3.755398211069405079e-04
3.521995618939399719e-03
6.417123368009924889e-04
1.770101021975278854e-03
4.919665516354143620e-04
