7.631531843799166381e-06
7.178478881542105228e-06
6.664477496087783948e-06
1.471661744290031493e-05
1.397538653691299260e-05
3.036266753042582422e-05
7.014490620349533856e-06
4.638550763047533110e-06
3.839615601464174688e-06
3.062113819396472536e-06
3.586016464396379888e-05
9.551441507937852293e-06
9.997828602790832520e-01
4.162802724749781191e-06
5.356243036658270285e-06
4.760620868182741106e-06
3.288724838057532907e-05
1.280476226384053007e-05
4.665725555241806433e-06
8.067178896453697234e-06
