2.594529464840888977e-02
1.651828922331333160e-02
1.484534516930580139e-02
2.007032372057437897e-02
2.000519819557666779e-02
3.449077159166336060e-02
1.706232689321041107e-02
1.752713881433010101e-02
2.260881289839744568e-02
1.239933725446462631e-02
6.787746399641036987e-02
1.531689986586570740e-02
1.531713157892227173e-01
1.467169355601072311e-02
1.745280064642429352e-02
1.218777522444725037e-02
6.086301058530807495e-02
1.839611306786537170e-02
4.204097092151641846e-01
1.818035170435905457e-02
