1.575398016484541586e-07
1.246513505748225725e-07
9.383941801388573367e-08
3.465526958734699292e-07
3.316597485536476597e-07
1.377409262204309925e-06
1.467371220087443362e-07
7.598275431064394070e-08
7.751197728111947072e-08
4.134429332225408871e-08
4.192790129309287295e-06
1.462093877080405946e-07
9.999903440475463867e-01
5.716977824476998649e-08
1.178025215153866156e-07
6.910962468964498839e-08
7.436591999976371881e-07
1.972582168718872708e-07
1.192712602460233029e-06
1.300723511121759657e-07
