2.338228188455104828e-02
2.160887420177459717e-02
1.824547536671161652e-02
2.836287207901477814e-02
2.890613116323947906e-02
3.883317485451698303e-02
2.003886178135871887e-02
1.689522713422775269e-02
1.814787276089191437e-02
1.425636839121580124e-02
3.230100497603416443e-02
2.330229803919792175e-02
4.549809396266937256e-01
1.537406444549560547e-02
1.840154081583023071e-02
1.755985617637634277e-02
1.452432870864868164e-01
2.645044028759002686e-02
1.373493019491434097e-02
2.397454530000686646e-02
