1.849625818431377411e-02
1.518216542899608612e-02
1.211734768003225327e-02
1.743097975850105286e-02
1.936310157179832458e-02
3.337182849645614624e-02
1.628502458333969116e-02
1.257197093218564987e-02
1.641830801963806152e-02
9.152894839644432068e-03
5.247972533106803894e-02
1.485116872936487198e-02
5.273020267486572266e-02
9.861187078058719635e-03
1.662713475525379181e-02
1.060901116579771042e-02
5.580114126205444336e-01
1.230511348694562912e-02
8.831281214952468872e-02
1.382237114012241364e-02
