1.199202844873070717e-03
8.611911907792091370e-04
5.137537373229861259e-04
8.721232879906892776e-04
8.612207020632922649e-04
3.732775803655385971e-03
1.088985125534236431e-03
5.710585974156856537e-04
1.027006539516150951e-03
2.954429364763200283e-04
7.658166289329528809e-01
1.066373893991112709e-03
1.664425828494131565e-03
5.723592475987970829e-04
9.438061388209462166e-04
3.134390281047672033e-04
2.123372703790664673e-01
5.635691923089325428e-04
5.025306250900030136e-03
6.739972741343080997e-04
