1.145354122854769230e-03
6.232805899344384670e-04
3.549897810444235802e-04
7.794455741532146931e-04
6.656373152509331703e-04
4.390900954604148865e-03
5.280260811559855938e-04
5.425160634331405163e-04
1.030696323141455650e-03
2.366925909882411361e-04
5.695020034909248352e-02
4.173087945673614740e-04
2.159124240279197693e-03
2.901459520217031240e-04
5.270601250231266022e-04
2.136832918040454388e-04
7.001693844795227051e-01
4.416856099851429462e-04
2.278789281845092773e-01
6.549936369992792606e-04
