5.566580686718225479e-03
3.620290430262684822e-03
2.902401145547628403e-03
4.286591894924640656e-03
4.061851650476455688e-03
1.117896940559148788e-02
6.273833103477954865e-03
3.120943438261747360e-03
4.722496494650840759e-03
2.034911653026938438e-03
8.512135148048400879e-01
4.941814113408327103e-03
1.740786805748939514e-02
3.290123306214809418e-03
4.097431432455778122e-03
1.919258385896682739e-03
1.727349869906902313e-02
3.170585492625832558e-03
4.570890590548515320e-02
3.208075882866978645e-03
