4.465774167329072952e-03
4.284799098968505859e-03
3.297982737421989441e-03
5.096478853374719620e-03
6.810048129409551620e-03
1.083512138575315475e-02
3.725244430825114250e-03
3.090760903432965279e-03
3.078027162700891495e-03
2.480439143255352974e-03
3.758707083761692047e-03
4.359166137874126434e-03
9.041426181793212891e-01
2.553183352574706078e-03
3.633428364992141724e-03
3.120184410363435745e-03
1.270326413214206696e-02
5.340202711522579193e-03
8.889930322766304016e-03
4.334620665758848190e-03
