3.479543700814247131e-02
2.863454632461071014e-02
2.438797615468502045e-02
3.488227725028991699e-02
3.445167839527130127e-02
4.571204259991645813e-02
2.785675041377544403e-02
2.460487000644207001e-02
2.896920219063758850e-02
2.183898538351058960e-02
2.981697767972946167e-02
2.851501479744911194e-02
4.705893248319625854e-02
2.356257662177085876e-02
2.891349606215953827e-02
2.669348753988742828e-02
4.273660182952880859e-01
3.143323212862014771e-02
1.908126659691333771e-02
3.142518177628517151e-02
