5.215424462221562862e-04
2.215964486822485924e-04
1.281020377064123750e-04
2.561993023846298456e-04
2.135193935828283429e-04
1.471664058044552803e-03
1.331171661149710417e-04
2.525956078898161650e-04
5.093779182061553001e-04
9.439816494705155492e-05
6.863154470920562744e-03
1.358486042590811849e-04
5.321265198290348053e-03
1.277107221540063620e-04
1.908896956592798233e-04
7.743254536762833595e-05
1.739891022443771362e-01
2.439500531181693077e-04
8.089966177940368652e-01
2.519570989534258842e-04
