2.784504322335124016e-03
1.987054012715816498e-03
1.570685766637325287e-03
2.708536572754383087e-03
2.027905778959393501e-03
4.392960108816623688e-03
1.609994331374764442e-03
1.551828696392476559e-03
2.258590888231992722e-03
1.201482955366373062e-03
2.530082128942012787e-03
2.003895817324519157e-03
3.513798583298921585e-03
1.500475103966891766e-03
2.728928811848163605e-03
1.690030214376747608e-03
9.582716822624206543e-01
2.233849139884114265e-03
1.168513204902410507e-03
2.265281276777386665e-03
