2.506818389520049095e-03
1.262718345969915390e-03
7.531583542004227638e-04
1.422764733433723450e-03
1.254800823517143726e-03
5.419982131570577621e-03
9.295821655541658401e-04
1.352950814180076122e-03
2.310081152245402336e-03
6.367461755871772766e-04
1.714845374226570129e-02
8.349568815901875496e-04
1.190654747188091278e-02
7.415408035740256310e-04
1.083806273527443409e-03
5.355532048270106316e-04
1.673555821180343628e-01
1.244923099875450134e-03
7.799216508865356445e-01
1.377414329908788204e-03
