6.591908168047666550e-03
3.950862213969230652e-03
2.999739954248070717e-03
4.862029105424880981e-03
4.362885374575853348e-03
1.046872884035110474e-02
3.328084712848067284e-03
3.622313030064105988e-03
5.450359545648097992e-03
2.363407053053379059e-03
6.152132526040077209e-03
3.106695832684636116e-03
1.108585298061370850e-02
2.524048788473010063e-03
4.011388402432203293e-03
2.646571956574916840e-03
8.646616339683532715e-01
4.398127086460590363e-03
4.888257756829261780e-02
4.530638456344604492e-03
