3.280720193288289011e-06
3.334450639158603735e-06
2.889870984290610068e-06
6.204268629517173395e-06
5.842027803737437353e-06
1.554325717734172940e-05
2.473858558005304076e-06
2.005869419008377008e-06
1.781931928235280793e-06
1.261957891074416693e-06
8.202289791370276362e-06
4.226850251143332571e-06
9.998717308044433594e-01
1.759278120516682975e-06
3.042225216631777585e-06
2.174698693124810234e-06
5.194775440031662583e-05
5.670722657669102773e-06
3.243401579311466776e-06
3.316762558824848384e-06
