2.854309044778347015e-03
2.009839750826358795e-03
2.173630753532052040e-03
3.883417230099439621e-03
3.170607378706336021e-03
5.844573955982923508e-03
3.863698104396462440e-03
1.577435294166207314e-03
1.885710749775171280e-03
1.254266360774636269e-03
7.111996412277221680e-02
3.111826255917549133e-03
8.820352554321289062e-01
1.833876012824475765e-03
1.929922844283282757e-03
1.495371921919286251e-03
2.450695028528571129e-03
3.246036358177661896e-03
1.581699121743440628e-03
2.677838550880551338e-03
