4.737440869212150574e-02
4.243703931570053101e-02
4.061292111873626709e-02
4.802339896559715271e-02
4.828898608684539795e-02
5.300503596663475037e-02
4.662014171481132507e-02
4.079855233430862427e-02
4.194258525967597961e-02
3.656990453600883484e-02
5.171153694391250610e-02
4.621848836541175842e-02
9.437327086925506592e-02
4.007982090115547180e-02
4.363063722848892212e-02
4.097218438982963562e-02
9.179326891899108887e-02
4.619745910167694092e-02
5.388030409812927246e-02
4.547008126974105835e-02
