2.703427523374557495e-02
2.027633972465991974e-02
1.672514900565147400e-02
2.443492226302623749e-02
2.805889584124088287e-02
3.976080194115638733e-02
2.016966417431831360e-02
1.919045299291610718e-02
2.009294927120208740e-02
1.557760313153266907e-02
3.197602182626724243e-02
2.011749334633350372e-02
4.074515402317047119e-01
1.582298427820205688e-02
2.071903087198734283e-02
1.620947010815143585e-02
4.944768920540809631e-02
2.239202708005905151e-02
1.636594682931900024e-01
2.088317275047302246e-02
