5.426669958978891373e-04
4.145750135648995638e-04
2.962468133773654699e-04
5.823615938425064087e-04
4.716724215541034937e-04
1.244944403879344463e-03
2.743942895904183388e-04
2.527812321204692125e-04
3.875359543599188328e-04
1.699165877653285861e-04
8.640403393656015396e-04
4.375294956844300032e-04
3.151228185743093491e-03
2.405455597909167409e-04
5.827174172736704350e-04
2.700613986235111952e-04
9.888092875480651855e-01
4.236200475133955479e-04
1.622362324269488454e-04
4.216191591694951057e-04
