2.257308689877390862e-03
2.174509223550558090e-03
1.970236422494053841e-03
2.990191336721181870e-03
3.173650242388248444e-03
4.842170514166355133e-03
1.921458169817924500e-03
1.605586963705718517e-03
1.595963141880929470e-03
1.321246963925659657e-03
3.683128161355853081e-03
2.546952106058597565e-03
9.491940736770629883e-01
1.561056938953697681e-03
2.095042960718274117e-03
1.766134635545313358e-03
8.153757080435752869e-03
2.600808860734105110e-03
2.314840210601687431e-03
2.232033992186188698e-03
