8.764665722083009314e-07
4.869063445767096709e-07
2.609519356155942660e-07
8.503070034748816397e-07
4.841659801968489774e-07
3.284382501078653149e-06
2.888620826979604317e-07
2.885677474750991678e-07
5.739134394389111549e-07
1.433724889920995338e-07
8.464642633043695241e-06
5.242378051661944482e-07
7.056422077766910661e-07
2.382634107789272093e-07
8.019732149477931671e-07
2.659615461197972763e-07
9.999803304672241211e-01
4.209850601455400465e-07
7.563627235640524304e-08
6.007922479511762504e-07
