3.626424494029834023e-09
3.892723476894843770e-09
2.907706742050208959e-09
1.045907893626463192e-08
1.143934191816242674e-08
4.655410990039854369e-08
2.555579969865107159e-09
1.682049388662676392e-09
1.214971234730910510e-09
8.415987906573718647e-10
2.003830168462172878e-08
4.975802880835544784e-09
9.999998807907104492e-01
1.173386610098248184e-09
2.246983044074113423e-09
1.901777402224524849e-09
3.980078489007610187e-08
7.765740051013381162e-09
2.255803543960155366e-09
4.145260579235809928e-09
