1.731739006936550140e-02
1.115190051496028900e-02
9.115472435951232910e-03
1.192463096231222153e-02
1.291672512888908386e-02
2.427686937153339386e-02
1.015606615692377090e-02
1.181739848107099533e-02
1.566117256879806519e-02
7.893460802733898163e-03
4.873978719115257263e-02
9.671704843640327454e-03
9.235227853059768677e-02
9.113607928156852722e-03
1.201773900538682938e-02
7.487374823540449142e-03
7.179149985313415527e-02
1.134649850428104401e-02
5.938957929611206055e-01
1.135263405740261078e-02
