7.769260555505752563e-04
4.855362058151513338e-04
4.303782770875841379e-04
8.428632281720638275e-04
7.411256083287298679e-04
2.574185142293572426e-03
8.080616826191544533e-04
4.404216015245765448e-04
5.653180996887385845e-04
2.461293188389390707e-04
4.919868335127830505e-02
6.130503606982529163e-04
9.103808403015136719e-01
3.723148256540298462e-04
6.735405186191201210e-04
3.089421079494059086e-04
2.149271313101053238e-03
5.264919600449502468e-04
2.740430645644664764e-02
4.616377700585871935e-04
