7.358051370829343796e-04
4.492214939091354609e-04
3.122203925158828497e-04
6.263967952691018581e-04
6.676868651993572712e-04
1.913650077767670155e-03
3.707549767568707466e-04
3.916507412213832140e-04
5.196653073653578758e-04
2.277220919495448470e-04
2.852469682693481445e-03
3.299001837149262428e-04
9.545624852180480957e-01
2.739846531767398119e-04
3.933101834263652563e-04
2.301051426911726594e-04
3.403875976800918579e-03
4.657474928535521030e-04
3.082881122827529907e-02
4.445255326572805643e-04
