2.821109374053776264e-04
2.824870462063699961e-04
2.483018906787037849e-04
4.411285044625401497e-04
4.689863417297601700e-04
7.691176724620163441e-04
2.491943596396595240e-04
2.128772466676309705e-04
1.803305494831874967e-04
1.558062649564817548e-04
4.792262916453182697e-04
3.312424523755908012e-04
9.935113787651062012e-01
1.869208208518102765e-04
2.217431174358353019e-04
2.242142945760861039e-04
7.523877429775893688e-04
3.979955799877643585e-04
2.913627249654382467e-04
3.131937992293387651e-04
