6.010695869917981327e-06
4.737036761071067303e-06
3.897313035849947482e-06
1.160617921414086595e-05
9.303964361606631428e-06
3.929946251446381211e-05
8.141441867337562144e-06
3.347431629663333297e-06
3.422779627726413310e-06
1.971559640878695063e-06
2.799120265990495682e-04
6.825836408097529784e-06
9.995468258857727051e-01
2.931810740847140551e-06
5.021511242375709116e-06
3.017327799170743674e-06
1.136211903940420598e-05
7.817594450898468494e-06
3.980159817729145288e-05
4.681415703089442104e-06
