5.042122211307287216e-04
4.974561743438243866e-04
3.347005404066294432e-04
6.564546492882072926e-04
8.488683379255235195e-04
1.654266961850225925e-03
3.680039953906089067e-04
3.431194054428488016e-04
3.205056127626448870e-04
2.559747372288256884e-04
4.343886976130306721e-04
4.804424243047833443e-04
9.874807000160217285e-01
2.646693028509616852e-04
4.028778057545423508e-04
3.319456591270864010e-04
1.848280895501375198e-03
5.870075547136366367e-04
1.882240059785544872e-03
5.039047682657837868e-04
