3.532546543283388019e-05
2.626928835525177419e-05
1.477464320487342775e-05
3.763525819522328675e-05
3.074690175708383322e-05
1.182799751404672861e-04
2.204266274929977953e-05
1.533265276520978659e-05
2.546810901549179107e-05
8.884654562280047685e-06
2.689500688575208187e-04
2.281627712363842875e-05
1.340626931778388098e-05
1.118949603551300243e-05
2.728710023802705109e-05
1.230105317517882213e-05
9.992540478706359863e-01
1.655093547014985234e-05
1.318170779995853081e-05
2.532615326344966888e-05
