3.374592959880828857e-02
3.230544179677963257e-02
2.747327089309692383e-02
3.720103204250335693e-02
4.350611567497253418e-02
5.219287797808647156e-02
3.332322463393211365e-02
2.627948671579360962e-02
2.641304768621921539e-02
2.352641895413398743e-02
3.131996840238571167e-02
3.387424349784851074e-02
3.520711958408355713e-01
2.554454281926155090e-02
2.853979729115962982e-02
2.751674689352512360e-02
6.457442045211791992e-02
3.740072995424270630e-02
2.866030484437942505e-02
3.453121334314346313e-02
