1.086404640227556229e-02
6.325755268335342407e-03
5.400160793215036392e-03
8.561227470636367798e-03
8.161792531609535217e-03
1.846134848892688751e-02
8.882981725037097931e-03
6.184206809848546982e-03
1.037364359945058823e-02
4.052432719618082047e-03
2.850148677825927734e-01
5.964458454400300980e-03
1.793909519910812378e-01
5.772797856479883194e-03
7.731851655989885330e-03
3.617238486185669899e-03
1.791006885468959808e-02
6.518643815070390701e-03
3.940783441066741943e-01
6.733134388923645020e-03
