2.306450158357620239e-03
2.298719249665737152e-03
1.973528182134032249e-03
3.251902293413877487e-03
3.129792865365743637e-03
5.197204183787107468e-03
2.324688248336315155e-03
1.783065148629248142e-03
1.726402202621102333e-03
1.265932805836200714e-03
6.900907959789037704e-03
2.977244323119521141e-03
9.402112364768981934e-01
1.508019398897886276e-03
2.043103333562612534e-03
1.814140006899833679e-03
1.148103084415197372e-02
2.968417247757315636e-03
2.736864844337105751e-03
2.101282589137554169e-03
