3.321515023708343506e-02
2.212943509221076965e-02
2.132685668766498566e-02
2.566261030733585358e-02
2.075717411935329437e-02
3.871744126081466675e-02
2.156213484704494476e-02
2.092141471803188324e-02
2.997600287199020386e-02
1.709900610148906708e-02
1.646503955125808716e-01
2.699597924947738647e-02
4.458730667829513550e-02
2.327068895101547241e-02
3.139321506023406982e-02
1.926827616989612579e-02
3.496303558349609375e-01
2.713959105312824249e-02
3.605582192540168762e-02
2.564112283289432526e-02
