3.730689641088247299e-03
2.988227177411317825e-03
2.150521380826830864e-03
3.306935774162411690e-03
3.252902766689658165e-03
7.683614268898963928e-03
3.467668779194355011e-03
1.925743999890983105e-03
2.976974472403526306e-03
1.358998357318341732e-03
5.510734394192695618e-02
3.324500983580946922e-03
2.970616100355982780e-03
1.836936804465949535e-03
3.293392714112997055e-03
1.622501527890563011e-03
8.927798867225646973e-01
2.101725433021783829e-03
1.618454931303858757e-03
2.502288669347763062e-03
