5.590693093836307526e-03
2.798793138936161995e-03
2.445521997287869453e-03
3.372920211404561996e-03
2.453095046803355217e-03
9.218629449605941772e-03
3.639406291767954826e-03
2.630045171827077866e-03
5.014128051698207855e-03
1.574750640429556370e-03
8.239026069641113281e-01
3.824040992185473442e-03
2.106450498104095459e-02
2.808523131534457207e-03
4.509370308369398117e-03
1.481685088947415352e-03
2.632417902350425720e-02
3.177578561007976532e-03
7.126676291227340698e-02
2.902793232351541519e-03
