2.208998659625649452e-03
1.305850455537438393e-03
1.316922367550432682e-03
2.000223612412810326e-03
1.488356268964707851e-03
4.266911651939153671e-03
2.681378973647952080e-03
1.049262820743024349e-03
1.888948725536465645e-03
7.287896005436778069e-04
8.313602805137634277e-01
1.905084238387644291e-03
1.297066211700439453e-01
1.456149388104677200e-03
1.970415236428380013e-03
7.845473592169582844e-04
4.755818750709295273e-03
1.545905135571956635e-03
6.323029287159442902e-03
1.256374525837600231e-03
