2.463693497702479362e-03
1.609991653822362423e-03
9.572186972945928574e-04
2.014151308685541153e-03
2.204352989792823792e-03
6.791695952415466309e-03
1.373716513626277447e-03
1.551762572489678860e-03
1.716875587590038776e-03
8.930929470807313919e-04
4.420028533786535263e-03
1.163970096968114376e-03
6.186065673828125000e-01
8.563779992982745171e-04
1.440290827304124832e-03
8.539334521628916264e-04
7.084155455231666565e-03
1.642455928958952427e-03
3.407957851886749268e-01
1.559883123263716698e-03
