8.261049166321754456e-03
5.346550606191158295e-03
3.846281440928578377e-03
6.017081439495086670e-03
6.426292005926370621e-03
1.384314801543951035e-02
4.173893015831708908e-03
4.582966212183237076e-03
7.308010477572679520e-03
3.274653339758515358e-03
1.050590164959430695e-02
4.616220016032457352e-03
2.382717281579971313e-02
3.727090777829289436e-03
6.045910529792308807e-03
3.770844778046011925e-03
7.965896725654602051e-01
5.827760323882102966e-03
7.604239881038665771e-02
5.967105273157358170e-03
