1.957534579560160637e-03
1.138470252044498920e-03
7.428485550917685032e-04
1.504544517956674099e-03
1.479323604144155979e-03
5.326004233211278915e-03
1.182336476631462574e-03
1.135051017627120018e-03
1.572067500092089176e-03
5.989900673739612103e-04
2.647063136100769043e-02
8.339598425664007664e-04
3.629336059093475342e-01
7.608307059854269028e-04
1.169235561974346638e-03
5.419781082309782505e-04
7.385583594441413879e-03
1.071290927939116955e-03
5.811419486999511719e-01
1.053792308084666729e-03
