2.481206611264497042e-04
1.850487315095961094e-04
1.790214591892436147e-04
2.976524992845952511e-04
3.518927842378616333e-04
8.672969415783882141e-04
1.766104251146316528e-04
1.488348352722823620e-04
2.191146340919658542e-04
8.627612260170280933e-05
3.232762916013598442e-03
2.125567698385566473e-04
9.874407052993774414e-01
1.309063518419861794e-04
2.263829082949087024e-04
1.115838240366429090e-04
3.157022176310420036e-03
2.465969882905483246e-04
2.256162930279970169e-03
2.255745494039729238e-04
