2.084879903122782707e-03
1.670845202170312405e-03
1.332946936599910259e-03
2.325081033632159233e-03
2.303434535861015320e-03
4.730277229100465775e-03
1.440514577552676201e-03
1.503319828771054745e-03
1.424167305231094360e-03
1.014127978123724461e-03
3.415818093344569206e-03
1.600348856300115585e-03
9.383146166801452637e-01
1.117104780860245228e-03
1.541736186482012272e-03
1.208408270031213760e-03
6.412735674530267715e-03
2.030649222433567047e-03
2.291225828230381012e-02
1.616661087609827518e-03
