2.067904220893979073e-03
1.713146455585956573e-03
1.243045320734381676e-03
2.169903600588440895e-03
2.486375393345952034e-03
5.150246433913707733e-03
1.323934411630034447e-03
1.425804337486624718e-03
1.554243965074419975e-03
9.244095417670905590e-04
2.992231631651520729e-03
1.551950466819107533e-03
9.386718273162841797e-01
1.046528574079275131e-03
1.423472887836396694e-03
1.096808002330362797e-03
9.538056328892707825e-03
2.053463598713278770e-03
1.987989805638790131e-02
1.686679897829890251e-03
