2.603492699563503265e-02
1.937570981681346893e-02
2.221200056374073029e-02
3.013014048337936401e-02
2.556389942765235901e-02
3.088206239044666290e-02
2.739205956459045410e-02
1.772845536470413208e-02
1.970600523054599762e-02
1.594323851168155670e-02
1.714897155761718750e-01
2.581503987312316895e-02
4.134632050991058350e-01
1.970086991786956787e-02
2.097539976239204407e-02
1.789873279631137848e-02
3.337289765477180481e-02
2.521502040326595306e-02
1.364026591181755066e-02
2.346040308475494385e-02
