6.157984025776386261e-03
3.995972219854593277e-03
4.104377236217260361e-03
6.114533636718988419e-03
5.619504489004611969e-03
1.005009748041629791e-02
6.004771683365106583e-03
3.503338899463415146e-03
5.322264973074197769e-03
2.714842557907104492e-03
2.478461861610412598e-01
4.652570001780986786e-03
6.310170292854309082e-01
4.339311737567186356e-03
4.779820796102285385e-03
2.781142946332693100e-03
1.106595620512962341e-02
4.560034256428480148e-03
3.102181479334831238e-02
4.348338581621646881e-03
