2.558198320912197232e-05
9.948774277290794998e-06
4.285309387341840193e-06
1.190476177725940943e-05
9.812034477363340557e-06
9.775417129276320338e-05
6.921804015291854739e-06
1.205352600663900375e-05
1.906312900246120989e-05
3.390786559975822456e-06
7.316693081520497799e-04
4.597729457600507885e-06
1.247146911919116974e-02
4.249079211149364710e-06
8.192821042030118406e-06
2.638569867485784926e-06
1.826516527216881514e-04
8.544809134036768228e-06
9.863773584365844727e-01
7.938605449453461915e-06
