1.000073666546086315e-06
1.102178316614299547e-06
8.607183872300083749e-07
2.260576366097666323e-06
2.534614623073139228e-06
6.297298114077420905e-06
8.647779168313718401e-07
6.115398605288646650e-07
4.499297290294634877e-07
3.607190421917039203e-07
3.136826535410364158e-06
1.444110921511310153e-06
9.999690055847167969e-01
4.305125287373812171e-07
6.511546075671503786e-07
6.858948040644463617e-07
4.614971658156719059e-06
1.940284164447803050e-06
4.653139455967902904e-07
1.291375610890099779e-06
