1.977454485313501209e-05
2.150157706637401134e-05
1.610086474101990461e-05
3.561031189747154713e-05
3.957170702051371336e-05
9.616315946914255619e-05
1.561832868901547045e-05
1.121323475672397763e-05
1.139752112067071721e-05
7.760339030937757343e-06
2.526249954826198518e-05
2.397100797679740936e-05
9.991589784622192383e-01
1.010730738926213235e-05
1.816025178413838148e-05
1.268032974621746689e-05
4.051034047733992338e-04
3.283840487711131573e-05
1.651020284043624997e-05
2.178081376769114286e-05
