4.129129461944103241e-03
2.127229701727628708e-03
1.954515464603900909e-03
2.705895807594060898e-03
1.854811096563935280e-03
6.254085805267095566e-03
3.154506441205739975e-03
1.936607994139194489e-03
3.488446818664669991e-03
1.283617340959608555e-03
9.017421603202819824e-01
3.286705818027257919e-03
1.712998747825622559e-02
2.404167549684643745e-03
3.479903796687722206e-03
1.223308616317808628e-03
2.034816518425941467e-02
2.368050394579768181e-03
1.691013388335704803e-02
2.218482084572315216e-03
