7.899875752627849579e-03
4.637782461941242218e-03
4.587891977280378342e-03
7.263136561959981918e-03
4.798289388418197632e-03
1.229980960488319397e-02
7.177275139838457108e-03
3.881408367305994034e-03
6.196333095431327820e-03
2.736369846388697624e-03
4.736670255661010742e-01
7.406003773212432861e-03
3.953382745385169983e-02
4.867195617407560349e-03
7.073277141898870468e-03
3.122741123661398888e-03
3.899397850036621094e-01
5.793640390038490295e-03
2.056941622868180275e-03
5.061398725956678391e-03
