2.392930211499333382e-03
1.812594942748546600e-03
1.405254122801125050e-03
2.425103913992643356e-03
2.012837678194046021e-03
4.253339022397994995e-03
1.593233435414731503e-03
1.329656690359115601e-03
2.229402540251612663e-03
1.088773831725120544e-03
1.946625416167080402e-03
1.690000528469681740e-03
2.928757807239890099e-03
1.244598533958196640e-03
2.293443540111184120e-03
1.561608631163835526e-03
9.619118571281433105e-01
1.887192018330097198e-03
1.894872752018272877e-03
2.098032971844077110e-03
