9.145301191892940551e-06
6.437892807298339903e-06
3.988699972978793085e-06
1.032408817991381511e-05
6.033939371263841167e-06
3.144850779790431261e-05
4.151449957134900615e-06
4.228762463753810152e-06
7.090914095897460356e-06
2.265177954541286454e-06
7.627304876223206520e-05
6.235488399397581816e-06
5.000193596060853451e-06
3.187194806741899811e-06
8.304225957544986159e-06
3.585749709600349888e-06
9.997966885566711426e-01
5.084008989797439426e-06
3.063140411541098729e-06
7.359747996815713122e-06
