4.646926754503510892e-05
2.750329076661728323e-05
2.184562981710769236e-05
4.828220698982477188e-05
3.021379961865022779e-05
1.254336384590715170e-04
2.119094278896227479e-05
1.863958459580317140e-05
3.536112853907980025e-05
1.067817083821864799e-05
4.190424806438386440e-04
3.580822885851375759e-05
3.942605399060994387e-04
1.959335531864780933e-05
4.342674583313055336e-05
1.913688538479618728e-05
9.986128807067871094e-01
3.285919592599384487e-05
6.087534984544618055e-06
3.124640716123394668e-05
