4.466649517416954041e-02
3.129968419671058655e-02
2.759839780628681183e-02
3.341468423604965210e-02
3.407995402812957764e-02
4.912942275404930115e-02
3.345665335655212402e-02
3.219586610794067383e-02
3.913387283682823181e-02
2.467658556997776031e-02
1.029225736856460571e-01
2.995393052697181702e-02
5.786546319723129272e-02
2.701462805271148682e-02
3.118662349879741669e-02
2.379341609776020050e-02
5.824369192123413086e-02
3.295527771115303040e-02
2.536524236202239990e-01
3.276039287447929382e-02
