3.665862977504730225e-02
3.349637985229492188e-02
2.684543468058109283e-02
3.917795047163963318e-02
4.463350027799606323e-02
5.807993933558464050e-02
3.253510594367980957e-02
2.545773051679134369e-02
2.745333127677440643e-02
2.356148883700370789e-02
2.894910424947738647e-02
3.401428461074829102e-02
2.613126635551452637e-01
2.347135543823242188e-02
2.931274473667144775e-02
2.747323736548423767e-02
1.456073522567749023e-01
3.836546465754508972e-02
2.585387416183948517e-02
3.774042800068855286e-02
