3.348062746226787567e-03
2.130216220393776894e-03
1.796340919099748135e-03
2.890804084017872810e-03
2.431834582239389420e-03
7.374837063252925873e-03
3.517648437991738319e-03
1.590347848832607269e-03
2.743490040302276611e-03
1.088108518160879612e-03
7.160624861717224121e-01
3.411069046705961227e-03
7.017398718744516373e-03
2.000226406380534172e-03
3.064452670514583588e-03
1.212705275975167751e-03
2.319640070199966431e-01
1.916090375743806362e-03
2.499707276001572609e-03
1.940102549269795418e-03
