1.475045690312981606e-03
8.916825754567980766e-04
8.249146048910915852e-04
1.456183032132685184e-03
1.347303506918251514e-03
5.093131680041551590e-03
1.881451928056776524e-03
7.173157064244151115e-04
1.165722613222897053e-03
4.806859069503843784e-04
4.616242349147796631e-01
1.178971841000020504e-03
4.791602790355682373e-01
7.654377841390669346e-04
1.296200207434594631e-03
4.932225565426051617e-04
6.240728776901960373e-03
8.508684695698320866e-04
3.228037804365158081e-02
7.762573077343404293e-04
