4.702619090676307678e-02
3.344856947660446167e-02
3.002565354108810425e-02
3.775817155838012695e-02
3.640857711434364319e-02
4.798133671283721924e-02
3.467402607202529907e-02
3.369161859154701233e-02
4.206848889589309692e-02
2.748328074812889099e-02
7.439808547496795654e-02
2.899001166224479675e-02
7.654715329408645630e-02
2.925274334847927094e-02
3.209168091416358948e-02
2.488670498132705688e-02
6.922157853841781616e-02
3.521974384784698486e-02
2.241337746381759644e-01
3.469260782003402710e-02
