1.142146065831184387e-02
6.863496266305446625e-03
6.058840081095695496e-03
9.344773367047309875e-03
9.667777456343173981e-03
2.012469805777072906e-02
9.910698048770427704e-03
6.787758320569992065e-03
9.968353435397148132e-03
4.731325898319482803e-03
2.507226467132568359e-01
6.934690754860639572e-03
2.978190481662750244e-01
6.329528056085109711e-03
8.117242716252803802e-03
4.311532247811555862e-03
1.826787553727626801e-02
7.192935328930616379e-03
2.981684803962707520e-01
7.256788201630115509e-03
