7.126309210434556007e-04
4.394090501591563225e-04
2.397554926574230194e-04
6.261597154662013054e-04
6.859032437205314636e-04
2.270759316161274910e-03
3.632570442277938128e-04
4.238630936015397310e-04
4.276937397662550211e-04
2.310987183591350913e-04
1.244687708094716072e-03
3.053186810575425625e-04
8.699192404747009277e-01
2.117152762366458774e-04
3.365000884514302015e-04
2.165343321394175291e-04
1.754000084474682808e-03
4.920408828184008598e-04
1.186374500393867493e-01
4.620007239282131195e-04
