3.479497507214546204e-03
3.861659206449985504e-03
2.766378922387957573e-03
4.762586206197738647e-03
5.990973208099603653e-03
9.339085780084133148e-03
3.683951217681169510e-03
2.723082434386014938e-03
2.383060520514845848e-03
2.194415312260389328e-03
2.978552831336855888e-03
4.319041036069393158e-03
9.238164424896240234e-01
2.121133264154195786e-03
3.083707764744758606e-03
2.931896597146987915e-03
6.131433881819248199e-03
4.717366769909858704e-03
4.515727050602436066e-03
4.200046416372060776e-03
