8.876530337147414684e-04
6.523752235807478428e-04
4.337539139669388533e-04
8.463168633170425892e-04
8.501415140926837921e-04
1.929274760186672211e-03
6.562189664691686630e-04
4.434345173649489880e-04
7.318844436667859554e-04
3.163670480716973543e-04
1.000365009531378746e-03
5.269117536954581738e-04
6.940882885828614235e-04
3.056291607208549976e-04
7.530984585173428059e-04
4.326611815486103296e-04
9.860333800315856934e-01
5.846239509992301464e-04
1.237065880559384823e-03
6.847865297459065914e-04
