8.931898628361523151e-04
7.093340973369777203e-04
4.831214610021561384e-04
1.112192869186401367e-03
9.428335470147430897e-04
2.716393908485770226e-03
4.439788463059812784e-04
4.194071225356310606e-04
5.675563006661832333e-04
2.953968360088765621e-04
8.554084924980998039e-04
7.573738112114369869e-04
4.819227755069732666e-02
3.598870243877172470e-04
7.842251216061413288e-04
4.944670945405960083e-04
9.380062818527221680e-01
8.853655890561640263e-04
2.749286650214344263e-04
8.063504938036203384e-04
