1.726041175425052643e-02
1.248913351446390152e-02
9.475447237491607666e-03
1.546615269035100937e-02
1.468874979764223099e-02
2.680228091776371002e-02
1.099293772131204605e-02
1.215245109051465988e-02
1.202076394110918045e-02
8.224721066653728485e-03
2.249615080654621124e-02
1.132938824594020844e-02
5.829554200172424316e-01
8.532593026757240295e-03
1.042286399751901627e-02
8.683455176651477814e-03
3.127322718501091003e-02
1.400254759937524796e-02
1.575436443090438843e-01
1.318774279206991196e-02
