2.294755176990292966e-05
1.187043199024628848e-05
8.168854947143699974e-06
1.945148324011825025e-05
8.542699106328655034e-06
7.889136031735688448e-05
8.888762749847956002e-06
7.640424882993102074e-06
1.684975541138555855e-05
4.128084583499003202e-06
3.886371618136763573e-03
1.880034324130974710e-05
2.461802796460688114e-05
9.252720701624639332e-06
2.514929474273230880e-05
5.583577603829326108e-06
9.958139061927795410e-01
1.124255868489854038e-05
4.137800260650692508e-06
1.359671477985102683e-05
