6.568461190909147263e-03
3.346718614920973778e-03
3.529878566041588783e-03
5.034040659666061401e-03
2.954174298793077469e-03
1.032549329102039337e-02
3.998761065304279327e-03
2.831610385328531265e-03
5.125672556459903717e-03
2.045323140919208527e-03
2.910267710685729980e-01
5.452855955809354782e-03
6.313847750425338745e-02
4.051223397254943848e-03
7.140980567783117294e-03
2.571434481069445610e-03
5.690083503723144531e-01
5.359822884202003479e-03
2.035909099504351616e-03
4.454055801033973694e-03
