1.888274680823087692e-03
1.753169344738125801e-03
1.528481021523475647e-03
2.384623046964406967e-03
2.736765891313552856e-03
4.164563026279211044e-03
1.454960904084146023e-03
1.232755486853420734e-03
1.245376188308000565e-03
9.707110002636909485e-04
2.002976834774017334e-03
1.947242650203406811e-03
9.529427289962768555e-01
1.092043123207986355e-03
1.668904675170779228e-03
1.337969908490777016e-03
1.346437912434339523e-02
2.155402209609746933e-03
2.195104723796248436e-03
1.833587884902954102e-03
