1.028394326567649841e-04
5.928154496359638870e-05
4.166159123997204006e-05
1.071366714313626289e-04
1.048033736879006028e-04
4.769024089910089970e-04
6.841305003035813570e-05
4.681039717979729176e-05
6.993197166593745351e-05
2.633423900988418609e-05
3.534714691340923309e-03
5.310290362103842199e-05
9.877182245254516602e-01
3.700041634147055447e-05
6.675515032839030027e-05
2.688789754756726325e-05
4.209353355690836906e-04
6.443609163397923112e-05
6.917125545442104340e-03
5.673421765095554292e-05
