6.464124191552400589e-03
5.959385074675083160e-03
4.408404231071472168e-03
7.527193054556846619e-03
9.323581121861934662e-03
1.704651489853858948e-02
4.889979492872953415e-03
3.953058738261461258e-03
4.261296708136796951e-03
3.220685059204697609e-03
4.745385143905878067e-03
6.327756680548191071e-03
8.106170296669006348e-01
3.516193246468901634e-03
5.241696257144212723e-03
4.576218314468860626e-03
7.855083793401718140e-02
7.787349633872509003e-03
4.883396439254283905e-03
6.699917372316122055e-03
