2.592639811336994171e-02
1.985245384275913239e-02
1.555752381682395935e-02
2.287309989333152771e-02
2.348082885146141052e-02
4.046741127967834473e-02
1.757113263010978699e-02
1.653640903532505035e-02
2.549775876104831696e-02
1.394934207201004028e-02
2.009822800755500793e-02
1.701820455491542816e-02
6.837975233793258667e-02
1.545063406229019165e-02
1.986190304160118103e-02
1.604606583714485168e-02
5.174618363380432129e-01
2.259834855794906616e-02
6.050929799675941467e-02
2.086333557963371277e-02
