1.446878595743328333e-04
1.067129924194887280e-04
7.179363456089049578e-05
1.624614087631925941e-04
1.326287601841613650e-04
3.793731157202273607e-04
8.137977420119568706e-05
6.800753908464685082e-05
1.073150197044014931e-04
4.818006709683686495e-05
2.209163212683051825e-04
1.056870387401431799e-04
2.577556879259645939e-04
5.875366696272976696e-05
1.468730333726853132e-04
7.318262942135334015e-05
9.975691437721252441e-01
9.768526797415688634e-05
4.704858292825520039e-05
1.204503569169901311e-04
