1.538205705583095551e-02
1.389232929795980453e-02
1.163294818252325058e-02
1.833745092153549194e-02
1.736984960734844208e-02
2.444091811776161194e-02
1.470125187188386917e-02
1.252791099250316620e-02
1.117971166968345642e-02
1.001037377864122391e-02
2.711006440222263336e-02
1.522237155586481094e-02
6.811761856079101562e-01
1.111835334450006485e-02
1.320191659033298492e-02
1.191965956240892410e-02
2.148945257067680359e-02
1.620689406991004944e-02
3.947056084871292114e-02
1.360971946269273758e-02
