9.444178082048892975e-03
7.775221019983291626e-03
5.777392070740461349e-03
1.005714945495128632e-02
1.208585686981678009e-02
2.082681842148303986e-02
7.204618770629167557e-03
6.989338435232639313e-03
6.909942720085382462e-03
4.888884257525205612e-03
8.526796475052833557e-03
8.109769783914089203e-03
7.912582755088806152e-01
5.003023892641067505e-03
6.695312913507223129e-03
5.526352208107709885e-03
2.137566171586513519e-02
1.003601867705583572e-02
4.247443377971649170e-02
9.035006165504455566e-03
