1.463399239582940936e-04
1.064367534127086401e-04
5.840407175128348172e-05
1.247177860932424664e-04
9.980297181755304337e-05
4.521528608165681362e-04
7.494827150367200375e-05
6.979866884648799896e-05
1.126410061260685325e-04
3.797820318141020834e-05
5.048545077443122864e-03
9.140007750829681754e-05
5.379911817726679146e-05
5.280843470245599747e-05
9.285296982852742076e-05
4.647988680517300963e-05
9.930141568183898926e-01
6.879049760755151510e-05
1.463131338823586702e-04
1.015884263324551284e-04
