1.575494883581995964e-03
6.996992160566151142e-04
5.065033328719437122e-04
8.668441441841423512e-04
6.198572227731347084e-04
3.606102662160992622e-03
9.608643013052642345e-04
6.557032465934753418e-04
1.465850858949124813e-03
3.181269858032464981e-04
7.480261325836181641e-01
8.019176893867552280e-04
1.456322893500328064e-02
5.727563984692096710e-04
9.863502345979213715e-04
2.470680046826601028e-04
4.954697564244270325e-03
7.184663554653525352e-04
2.172063142061233521e-01
6.480328156612813473e-04
