3.646865114569664001e-02
2.551965042948722839e-02
2.762388996779918671e-02
3.457291051745414734e-02
2.915938384830951691e-02
4.433504864573478699e-02
3.371346369385719299e-02
2.381672710180282593e-02
2.986982092261314392e-02
1.986171677708625793e-02
2.906547188758850098e-01
3.442706540226936340e-02
1.205919086933135986e-01
2.823639288544654846e-02
3.537322208285331726e-02
2.345637604594230652e-02
8.268161863088607788e-02
3.394171595573425293e-02
1.525765657424926758e-02
3.043801337480545044e-02
