1.998317748075351119e-05
1.506136686657555401e-05
1.447555132472189143e-05
3.665489202830940485e-05
3.059898153878748417e-05
8.623693429399281740e-05
2.200603921664878726e-05
1.006517686619190499e-05
1.133405839937040582e-05
6.633189514104742557e-06
7.279563578777015209e-04
1.998340667341835797e-05
9.988484382629394531e-01
9.436973414267413318e-06
1.544773840578272939e-05
9.485976988798938692e-06
3.225104592274874449e-05
2.558965388743672520e-05
3.980410838266834617e-05
1.853776302596088499e-05
