2.233102731406688690e-02
1.283270493149757385e-02
1.223850529640913010e-02
1.597817987203598022e-02
1.382277254015207291e-02
2.941986173391342163e-02
1.550450827926397324e-02
1.258541550487279892e-02
1.907703839242458344e-02
9.497630409896373749e-03
3.929794132709503174e-01
1.640163362026214600e-02
1.256989091634750366e-01
1.368106249719858170e-02
1.935648545622825623e-02
9.453445672988891602e-03
1.250437647104263306e-01
1.343887485563755035e-02
1.059755012392997742e-01
1.468325499445199966e-02
