2.206028329965192825e-05
1.420517764927353710e-05
8.103730579023249447e-06
2.059855796687770635e-05
1.413117388437967747e-05
6.527879304485395551e-05
1.024225821311119944e-05
8.478514246235135943e-06
1.433522720617474988e-05
4.786324097949545830e-06
2.182083990192040801e-04
1.484742551838280633e-05
1.106730996980331838e-05
6.757095889042830095e-06
1.879631236079148948e-05
7.146525604184716940e-06
9.995131492614746094e-01
1.024543234962038696e-05
3.684386456370702945e-06
1.398408039676724002e-05
