3.319080860819667578e-06
2.038677166638080962e-06
1.255081315321149305e-06
3.725306896740221418e-06
2.421587169010308571e-06
1.170985888165887445e-05
1.280183596463757567e-06
1.144089537774561904e-06
2.279211685163318180e-06
6.747952738805906847e-07
5.429115390143124387e-06
2.026347601713496260e-06
6.104602107370737940e-06
9.642297982281888835e-07
3.396361989871365950e-06
1.268716232516453601e-06
9.999457597732543945e-01
2.014291794694145210e-06
6.400280199159169570e-07
2.467415924911620095e-06
