1.397574233124032617e-04
1.152602562797255814e-04
1.110999728552997112e-04
1.912933948915451765e-04
2.137280389433726668e-04
3.941323666367679834e-04
1.009456682368181646e-04
8.648465882288292050e-05
8.786552643869072199e-05
6.193418812472373247e-05
2.778833732008934021e-04
1.525212574051693082e-04
9.945157170295715332e-01
8.403366518905386329e-05
1.266474282601848245e-04
9.796939411899074912e-05
2.757326932623982430e-03
1.631623890716582537e-04
1.939361100085079670e-04
1.281157601624727249e-04
