7.873186841607093811e-03
5.104864481836557388e-03
3.787099616602063179e-03
6.205525714904069901e-03
5.857597570866346359e-03
1.354631036520004272e-02
4.036424215883016586e-03
4.562103655189275742e-03
7.221095263957977295e-03
3.035590983927249908e-03
6.920460611581802368e-03
4.079518374055624008e-03
2.051333151757717133e-02
3.422053996473550797e-03
5.176788195967674255e-03
3.738222876563668251e-03
8.413161039352416992e-01
6.033684127032756805e-03
4.157799482345581055e-02
5.991984624415636063e-03
