7.731543882982805371e-05
5.437481740955263376e-05
5.714628059649839997e-05
1.195077784359455109e-04
9.421828144695609808e-05
1.938376954058185220e-04
9.982982737710699439e-05
4.104312756680883467e-05
4.983141843695193529e-05
2.689069879124872386e-05
4.835094790905714035e-03
8.835580229060724378e-05
9.936489462852478027e-01
4.927731788484379649e-05
4.509013160713948309e-05
3.649306381703354418e-05
2.797498891595751047e-04
9.749941818881779909e-05
4.497246118262410164e-05
6.046813723514787853e-05
