5.920534953474998474e-03
3.735054749995470047e-03
2.409733831882476807e-03
3.999207634478807449e-03
4.324155393987894058e-03
1.150341890752315521e-02
3.240803489461541176e-03
3.927945625036954880e-03
5.026005674153566360e-03
2.098501427099108696e-03
1.071281824260950089e-02
2.506143413484096527e-03
8.568353950977325439e-02
2.201393945142626762e-03
3.305605612695217133e-03
2.007580129429697990e-03
2.415180206298828125e-02
3.806751919910311699e-03
8.157697916030883789e-01
3.669166704639792442e-03
