3.905615303665399551e-04
2.736651222221553326e-04
2.232948318123817444e-04
4.059489292558282614e-04
4.220319679006934166e-04
1.356613240204751492e-03
2.210137172369286418e-04
2.427731378702446818e-04
3.149649419356137514e-04
1.326442143181338906e-04
2.650378504768013954e-03
2.351584116695448756e-04
9.687343835830688477e-01
1.773794647306203842e-04
2.862160035874694586e-04
1.569830783409997821e-04
4.521686118096113205e-03
2.863533445633947849e-04
1.868610456585884094e-02
2.818442299030721188e-04
