7.041204720735549927e-03
6.315319333225488663e-03
4.645708482712507248e-03
8.932414464652538300e-03
7.925459183752536774e-03
1.511722709983587265e-02
4.872418474406003952e-03
4.100997000932693481e-03
4.895749501883983612e-03
2.975088544189929962e-03
4.000455606728792191e-03
6.122553255409002304e-03
7.929881662130355835e-02
3.230849513784050941e-03
5.752618424594402313e-03
4.529495723545551300e-03
8.142865896224975586e-01
7.524986285716295242e-03
2.183604054152965546e-03
6.248360499739646912e-03
