1.096102758310735226e-03
9.867437183856964111e-04
7.962637464515864849e-04
1.670984085649251938e-03
1.556744333356618881e-03
2.841590205207467079e-03
1.207220950163900852e-03
8.208459476009011269e-04
6.559978937730193138e-04
6.031653610989451408e-04
3.740546759217977524e-03
1.258773845620453358e-03
9.747387766838073730e-01
6.922057946212589741e-04
8.013433543965220451e-04
8.075952064245939255e-04
1.323112868703901768e-03
1.349641941487789154e-03
1.975784776732325554e-03
1.076677115634083748e-03
