4.879596456885337830e-02
4.176353663206100464e-02
4.046408459544181824e-02
4.614771902561187744e-02
4.562400281429290771e-02
5.163474008440971375e-02
4.491637274622917175e-02
4.006821662187576294e-02
4.271293431520462036e-02
3.781397268176078796e-02
5.382478982210159302e-02
4.321329295635223389e-02
1.087993606925010681e-01
4.027152061462402344e-02
4.312887415289878845e-02
3.900873661041259766e-02
7.026264071464538574e-02
4.594350606203079224e-02
6.980580836534500122e-02
4.579984769225120544e-02
