1.041954476386308670e-02
6.968128960579633713e-03
4.901449661701917648e-03
7.977742701768875122e-03
8.159292861819267273e-03
2.040974050760269165e-02
6.424176506698131561e-03
6.625087466090917587e-03
7.730634417384862900e-03
4.184600897133350372e-03
2.562296763062477112e-02
5.349527578800916672e-03
3.563967645168304443e-01
4.242120310664176941e-03
7.035591639578342438e-03
4.092060495167970657e-03
2.300947532057762146e-02
6.447629071772098541e-03
4.774607419967651367e-01
6.542697083204984665e-03
