3.235296811908483505e-03
2.767207566648721695e-03
2.117360942065715790e-03
3.219336736947298050e-03
3.093475243076682091e-03
6.416125688701868057e-03
2.899147104471921921e-03
1.930297352373600006e-03
2.650306792929768562e-03
1.278725219890475273e-03
1.126806437969207764e-02
2.786855911836028099e-03
3.580470569431781769e-03
1.514674164354801178e-03
2.870181575417518616e-03
1.707577728666365147e-03
9.402800798416137695e-01
1.936357701197266579e-03
2.157076261937618256e-03
2.291523152962327003e-03
