1.408864278346300125e-02
8.625283837318420410e-03
7.293794304132461548e-03
1.033992506563663483e-02
9.365944191813468933e-03
1.986577920615673065e-02
8.326101116836071014e-03
9.210702963173389435e-03
1.263708062469959259e-02
5.584364756941795349e-03
1.251945942640304565e-01
8.034539408981800079e-03
1.830210685729980469e-01
8.165303617715835571e-03
9.452575817704200745e-03
5.513512995094060898e-03
7.475808262825012207e-02
8.776767179369926453e-03
4.630749225616455078e-01
8.671087212860584259e-03
