8.664543856866657734e-04
4.324394103605300188e-04
2.501363342162221670e-04
5.345873651094734669e-04
4.278583219274878502e-04
2.919061109423637390e-03
3.310072061140090227e-04
4.217029199935495853e-04
8.588574128225445747e-04
1.821621117414906621e-04
1.367417350411415100e-02
2.802636299747973680e-04
3.125604242086410522e-03
2.170941297663375735e-04
4.007856769021600485e-04
1.694545208010822535e-04
4.089806079864501953e-01
4.152150650043040514e-04
5.650162696838378906e-01
4.961601225659251213e-04
