4.775327630341053009e-03
4.020333755761384964e-03
3.098862478509545326e-03
5.093255080282688141e-03
5.624766461551189423e-03
1.205485220998525620e-02
3.067104611545801163e-03
2.752725966274738312e-03
3.755698911845684052e-03
2.117486204952001572e-03
3.436272032558917999e-03
3.997493535280227661e-03
4.202129542827606201e-01
2.637772355228662491e-03
5.198361352086067200e-03
2.992879832163453102e-03
4.950398802757263184e-01
4.988687112927436829e-03
1.090724486857652664e-02
4.228106234222650528e-03
