1.180912717245519161e-03
8.998945704661309719e-04
6.964528583921492100e-04
1.240672543644905090e-03
9.436616674065589905e-04
2.126768231391906738e-03
7.047195686027407646e-04
6.553728599101305008e-04
1.001500524580478668e-03
4.941308288834989071e-04
1.016446040011942387e-03
8.090193150565028191e-04
1.422937260940670967e-03
5.784687236882746220e-04
1.168882823549211025e-03
7.214741199277341366e-04
9.817172288894653320e-01
8.864568080753087997e-04
6.700043450109660625e-04
1.064951997250318527e-03
