7.627143531863112003e-06
4.329950115788960829e-06
3.184057504768134095e-06
7.957271009217947721e-06
4.178146355116041377e-06
2.130056964233517647e-05
2.617930476844776422e-06
2.938686748166219331e-06
5.363613126974087209e-06
1.640316554585297126e-06
2.302534812770318240e-05
5.392900220613228157e-06
2.626369314384646714e-05
2.721874579947325401e-06
7.926558282633777708e-06
3.121156396446167491e-06
9.998589754104614258e-01
4.754404471896123141e-06
1.324641857536335010e-06
5.479325864143902436e-06
