9.828422520286039799e-08
1.102155451349062787e-07
7.968093740373660694e-08
2.746462257618986769e-07
3.183300520959164714e-07
7.955432579365151469e-07
9.860192307087345398e-08
5.984194473285242566e-08
3.622902156052987266e-08
3.480577248637928278e-08
4.579133587867545430e-07
1.552489692357994500e-07
9.999965429306030273e-01
3.932600733946856053e-08
5.310892348120432871e-08
6.644360439622687409e-08
3.095638021477498114e-07
2.072583242807013448e-07
3.986013652479414304e-08
1.443757611241380800e-07
