4.195586778223514557e-03
4.007645882666110992e-03
3.667747136205434799e-03
5.710181780159473419e-03
5.515273660421371460e-03
7.983117364346981049e-03
3.962318878620862961e-03
3.120305016636848450e-03
2.848022850230336189e-03
2.413029549643397331e-03
9.555352851748466492e-03
5.221380386501550674e-03
9.114660024642944336e-01
2.706314437091350555e-03
3.254860406741499901e-03
3.195182885974645615e-03
9.149625897407531738e-03
5.172224249690771103e-03
2.339866012334823608e-03
4.516044165939092636e-03
