4.092011949978768826e-04
3.655663458630442619e-04
2.478764217812567949e-04
4.668070469051599503e-04
6.013407837599515915e-04
1.627572695724666119e-03
2.477523521520197392e-04
2.482005220372229815e-04
2.768399135675281286e-04
1.448250259272754192e-04
3.304719866719096899e-04
3.288252628408372402e-04
9.799409508705139160e-01
1.703075831755995750e-04
3.377782704774290323e-04
2.078388351947069168e-04
1.070141699165105820e-02
4.817971494048833847e-04
2.492426428943872452e-03
3.722397377714514732e-04
