1.397535786963999271e-03
9.047024650499224663e-04
7.791514508426189423e-04
1.299042720347642899e-03
1.041335402987897396e-03
4.095082171261310577e-03
1.858342904597520828e-03
7.023570360615849495e-04
1.184865366667509079e-03
4.326935159042477608e-04
9.444867968559265137e-01
1.375449937768280506e-03
3.414402483031153679e-03
7.626736769452691078e-04
1.231578062288463116e-03
4.434167058207094669e-04
2.832358144223690033e-02
6.933754193596541882e-04
4.810129757970571518e-03
7.633584318682551384e-04
