2.688562124967575073e-02
2.061972580850124359e-02
1.986387185752391815e-02
2.739640325307846069e-02
2.308909781277179718e-02
3.734523802995681763e-02
2.620740979909896851e-02
1.763207465410232544e-02
2.290616370737552643e-02
1.442868635058403015e-02
2.867600619792938232e-01
2.644702978432178497e-02
1.210639551281929016e-01
2.024308219552040100e-02
2.436325512826442719e-02
1.697377488017082214e-02
2.051232308149337769e-01
2.024671435356140137e-02
2.303387410938739777e-02
1.937073841691017151e-02
