4.451611544936895370e-03
3.125328104943037033e-03
2.545605879276990891e-03
4.271030891686677933e-03
3.492157673463225365e-03
6.505167111754417419e-03
2.568669151514768600e-03
2.469286555424332619e-03
3.597038565203547478e-03
2.075165743008255959e-03
4.538387525826692581e-03
3.302722005173563957e-03
7.280953694134950638e-03
2.481104340404272079e-03
4.358086269348859787e-03
3.002926940098404884e-03
9.306254982948303223e-01
3.394865896552801132e-03
2.215086482465267181e-03
3.699188819155097008e-03
