6.915762554854154587e-03
6.017091684043407440e-03
4.667421337217092514e-03
8.165076375007629395e-03
9.291747584939002991e-03
1.586663536727428436e-02
4.952060058712959290e-03
4.458046052604913712e-03
4.523228853940963745e-03
3.554767929017543793e-03
5.777140147984027863e-03
6.527474150061607361e-03
7.913867831230163574e-01
3.785101231187582016e-03
6.074758246541023254e-03
4.824183415621519089e-03
9.078641235828399658e-02
7.277102675288915634e-03
8.613612502813339233e-03
6.535759195685386658e-03
