2.667188877239823341e-03
1.137509476393461227e-03
9.036356932483613491e-04
1.529174740426242352e-03
1.261191559024155140e-03
5.505743436515331268e-03
1.411592238582670689e-03
1.253001508302986622e-03
2.394279930740594864e-03
6.275038467720150948e-04
2.370594888925552368e-01
1.079004839994013309e-03
2.558809146285057068e-02
9.274737676605582237e-04
1.370577490888535976e-03
4.949384019710123539e-04
7.166336290538311005e-03
1.156022772192955017e-03
7.052605748176574707e-01
1.206627697683870792e-03
