1.039358321577310562e-03
1.041866140440106392e-03
7.976282504387199879e-04
1.439229352399706841e-03
1.768110087141394615e-03
3.031023312360048294e-03
8.445947314612567425e-04
6.646981346420943737e-04
6.564290379174053669e-04
4.994677146896719933e-04
8.139366400428116322e-04
1.133084413595497608e-03
9.725927710533142090e-01
5.442740512080490589e-04
8.840912487357854843e-04
7.530475850217044353e-04
8.315853774547576904e-03
1.270992099307477474e-03
8.227817015722393990e-04
1.086764386855065823e-03
