3.634661709384090500e-07
2.173763249402327347e-07
1.082423821685551957e-07
3.497854095257935114e-07
1.653689594149909681e-07
2.035040324699366465e-06
1.067041779378996580e-07
1.323494274174663587e-07
3.041757565824809717e-07
5.314183226801105775e-08
1.514532777946442366e-05
1.846801040983336861e-07
2.439770696582854725e-07
9.150614488362407428e-08
2.818007374116859864e-07
8.416734686989002512e-08
9.999788999557495117e-01
1.535028530952331494e-07
7.575632139378285501e-07
2.480823297901224578e-07
