1.812486007111147046e-04
8.859893569024279714e-05
8.818520291242748499e-05
1.416840241290628910e-04
1.132365796365775168e-04
4.592677578330039978e-04
2.838642394635826349e-04
7.179765816545113921e-05
1.478772028349339962e-04
4.468795668799430132e-05
9.936929941177368164e-01
1.723466557450592518e-04
2.650965005159378052e-03
1.118861764553003013e-04
1.520949590485543013e-04
4.137704672757536173e-05
7.299897260963916779e-04
9.822331048781052232e-05
6.459762225858867168e-04
8.369649003725498915e-05
