2.000104170292615891e-03
1.318735652603209019e-03
1.143032801337540150e-03
1.824591425247490406e-03
1.227696426212787628e-03
3.644696203991770744e-03
1.014046720229089260e-03
1.093652332201600075e-03
1.729584531858563423e-03
7.455412414856255054e-04
2.340349182486534119e-02
1.591367996297776699e-03
2.414602320641279221e-03
1.147994305938482285e-03
1.852257410064339638e-03
9.746803552843630314e-04
9.487859010696411133e-01
1.361124217510223389e-03
1.160773448646068573e-03
1.566054299473762512e-03
