3.583057224750518799e-02
2.918768860399723053e-02
2.289603650569915771e-02
3.085819631814956665e-02
3.422842919826507568e-02
4.921044781804084778e-02
2.568055130541324615e-02
2.582082524895668030e-02
2.992971986532211304e-02
2.157150022685527802e-02
2.751850523054599762e-02
2.667336724698543549e-02
1.909573972225189209e-01
2.218138985335826874e-02
2.963351644575595856e-02
2.378273941576480865e-02
1.709681749343872070e-01
3.095953539013862610e-02
1.422127336263656616e-01
2.989865466952323914e-02
