3.443527594208717346e-02
3.055062890052795410e-02
2.570120804011821747e-02
3.690833598375320435e-02
3.951745107769966125e-02
5.052404850721359253e-02
3.215219080448150635e-02
2.799933962523937225e-02
2.657291106879711151e-02
2.315621636807918549e-02
3.233799710869789124e-02
3.297571837902069092e-02
3.565001189708709717e-01
2.451793849468231201e-02
2.650007791817188263e-02
2.625883929431438446e-02
3.809166327118873596e-02
3.655867651104927063e-02
6.435728818178176880e-02
3.438409790396690369e-02
