6.088484544306993484e-03
4.160642623901367188e-03
3.195422235876321793e-03
5.255674012005329132e-03
4.124834667891263962e-03
9.412092156708240509e-03
3.126365132629871368e-03
3.400787711143493652e-03
5.431774538010358810e-03
2.711261389777064323e-03
7.801733911037445068e-03
3.692396683618426323e-03
8.677104488015174866e-03
3.131790319457650185e-03
4.683925304561853409e-03
3.228042041882872581e-03
8.987756371498107910e-01
4.541797097772359848e-03
1.386184804141521454e-02
4.698431584984064102e-03
