1.381868962198495865e-02
9.067726321518421173e-03
9.971185587346553802e-03
1.342962775379419327e-02
1.212556380778551102e-02
1.767146587371826172e-02
1.703992486000061035e-02
8.420745842158794403e-03
1.152052264660596848e-02
7.128871977329254150e-03
6.245235204696655273e-01
1.440356951206922531e-02
1.403509527444839478e-01
1.156579796224832535e-02
1.108346972614526749e-02
7.339016068726778030e-03
4.122190177440643311e-02
1.312977075576782227e-02
6.014713086187839508e-03
1.017285976558923721e-02
