5.286969826556742191e-04
3.194298769813030958e-04
2.517485991120338440e-04
4.608611052390187979e-04
2.683389466255903244e-04
9.545371867716312408e-04
2.332567819394171238e-04
2.521395217627286911e-04
4.209629842080175877e-04
1.766529021551832557e-04
1.972432481124997139e-03
3.789425245486199856e-04
6.783266435377299786e-04
2.656987635418772697e-04
5.166513728909194469e-04
2.630524395499378443e-04
9.911816120147705078e-01
4.010531411040574312e-04
9.518383012618869543e-05
3.804209991358220577e-04
