2.798789879307150841e-03
2.748430939391255379e-03
2.075048862025141716e-03
3.765034489333629608e-03
3.792018862441182137e-03
8.476535789668560028e-03
2.603807952255010605e-03
1.769535942003130913e-03
2.285364782437682152e-03
1.175112091004848480e-03
1.568008214235305786e-03
2.535468433052301407e-03
1.147327646613121033e-01
1.219637342728674412e-03
2.958727302029728889e-03
1.889977138489484787e-03
8.338186740875244141e-01
2.898894716054201126e-03
4.273024853318929672e-03
2.615150762721896172e-03
