5.742043413192732260e-06
2.368001332797575742e-06
1.102169449040957261e-06
3.757824288186384365e-06
3.601605158110032789e-06
3.746411675820127130e-05
1.554432628836366348e-06
2.334481450816383585e-06
3.906236997863743454e-06
6.436633270823222119e-07
3.571312117855995893e-04
1.111511210183380172e-06
8.548309206962585449e-01
9.559572617945377715e-07
2.179197053919779137e-06
5.740584470004250761e-07
1.374882122036069632e-04
2.038053480646340176e-06
1.446032673120498657e-01
1.869365178208681755e-06
