3.258638083934783936e-02
2.748384140431880951e-02
2.548168413341045380e-02
3.312335163354873657e-02
3.628952428698539734e-02
4.282518103718757629e-02
2.825726941227912903e-02
2.460820414125919342e-02
2.941366657614707947e-02
2.207078039646148682e-02
3.541422262787818909e-02
3.102125972509384155e-02
7.523027062416076660e-02
2.480643428862094879e-02
3.462527692317962646e-02
2.670792862772941589e-02
3.754778206348419189e-01
2.849660627543926239e-02
3.579413890838623047e-02
3.028617985546588898e-02
