2.216645888984203339e-02
1.552738714963197708e-02
1.352606713771820068e-02
1.754635199904441833e-02
1.823405362665653229e-02
3.628052771091461182e-02
2.292725071310997009e-02
1.406323350965976715e-02
1.910189725458621979e-02
1.047814823687076569e-02
5.263019204139709473e-01
1.848974637687206268e-02
3.899484872817993164e-02
1.393893361091613770e-02
1.788205280900001526e-02
1.021294202655553818e-02
5.724337324500083923e-02
1.420013234019279480e-02
9.823822975158691406e-02
1.464651431888341904e-02
