1.495446357876062393e-02
8.942620828747749329e-03
7.025244180113077164e-03
1.096777245402336121e-02
9.724982082843780518e-03
2.494833618402481079e-02
1.153431087732315063e-02
9.096284396946430206e-03
1.247710734605789185e-02
5.992613267153501511e-03
1.764183491468429565e-01
8.500764146447181702e-03
9.326956421136856079e-02
7.132483646273612976e-03
9.175604209303855896e-03
5.217050202190876007e-03
1.809243299067020416e-02
8.856180123984813690e-03
5.490406751632690430e-01
8.633125573396682739e-03
