1.263377489522099495e-03
7.394993444904685020e-04
5.324623198248445988e-04
1.111074700020253658e-03
9.320813696831464767e-04
3.434681333601474762e-03
8.230101084336638451e-04
6.682664388790726662e-04
9.982931660488247871e-04
3.645198885351419449e-04
4.849478602409362793e-02
5.506046582013368607e-04
8.382766842842102051e-01
5.486304871737957001e-04
7.960813818499445915e-04
3.206352703273296356e-04
3.171440679579973221e-03
7.688304176554083824e-04
9.553366154432296753e-02
6.714087212458252907e-04
