2.144623249478172511e-05
2.224863601441029459e-05
1.639810761844273657e-05
3.455753176240250468e-05
3.779429971473291516e-05
9.407857578480616212e-05
1.572954897710587829e-05
1.347964916931232437e-05
1.047855676006292924e-05
8.263017662102356553e-06
2.820393092406447977e-05
2.477540510881226510e-05
9.994615912437438965e-01
9.830221642914693803e-06
1.576904833200387657e-05
1.380352205160306767e-05
9.860770660452544689e-05
3.149371696054004133e-05
1.891272040666081011e-05
2.261006011394783854e-05
