5.332337968866340816e-05
4.110863665118813515e-05
2.841527748387306929e-05
6.321778346318751574e-05
5.083971336716786027e-05
1.612783962627872825e-04
3.302963887108489871e-05
2.404701990599278361e-05
4.539938890957273543e-05
1.632849671295844018e-05
7.856940646888688207e-05
3.543123602867126465e-05
9.175346349366009235e-05
1.980063825612887740e-05
5.315602902555838227e-05
2.599366234790068120e-05
9.990615248680114746e-01
3.819123594439588487e-05
3.149222175125032663e-05
4.720816286862827837e-05
