3.536405274644494057e-03
1.899717492051422596e-03
1.216921256855130196e-03
1.920367358252406120e-03
1.967958873137831688e-03
5.536479409784078598e-03
1.601791125722229481e-03
2.115914365276694298e-03
3.180857747793197632e-03
1.092179678380489349e-03
1.490516867488622665e-02
1.223095227032899857e-03
1.721157506108283997e-02
1.173227210529148579e-03
1.590279629454016685e-03
8.841367671266198158e-04
1.238922681659460068e-02
1.953186234459280968e-03
9.227822422981262207e-01
1.819429220631718636e-03
