3.508139925543218851e-04
3.964196366723626852e-04
2.781835501082241535e-04
5.179372383281588554e-04
6.309319287538528442e-04
1.255123992450535297e-03
3.089718520641326904e-04
2.430058229947462678e-04
2.026027941610664129e-04
1.717011327855288982e-04
3.506885841488838196e-04
4.419914330355823040e-04
9.917777776718139648e-01
1.887664257083088160e-04
3.092996776103973389e-04
2.724933146964758635e-04
1.068056677468121052e-03
5.414356128312647343e-04
2.960881392937153578e-04
3.976189764216542244e-04
