4.532767052296549082e-04
2.227382210548967123e-04
1.242370199179276824e-04
2.489974722266197205e-04
2.447021834086626768e-04
1.086891279555857182e-03
1.690084318397566676e-04
2.620886079967021942e-04
3.664663527160882950e-04
1.017868489725515246e-04
2.229922218248248100e-03
1.214092990267090499e-04
2.947427891194820404e-02
1.158688028226606548e-04
2.096824755426496267e-04
8.892903861124068499e-05
3.033493645489215851e-03
2.124734455719590187e-04
9.610351920127868652e-01
1.986354909604415298e-04
