1.217455975711345673e-02
8.317539468407630920e-03
6.087928544729948044e-03
8.901105262339115143e-03
8.652617223560810089e-03
2.407284639775753021e-02
9.699698537588119507e-03
8.013466373085975647e-03
1.171511504799127579e-02
5.141919478774070740e-03
2.153847515583038330e-01
7.514814380556344986e-03
2.410070970654487610e-02
6.004728842526674271e-03
8.335579186677932739e-03
4.333075601607561111e-03
5.270791798830032349e-02
6.950508337467908859e-03
5.638129711151123047e-01
8.078199811279773712e-03
