2.008050447329878807e-03
1.246812054887413979e-03
1.013953587971627712e-03
1.735398196615278721e-03
1.719775376841425896e-03
5.129653960466384888e-03
1.218259101733565331e-03
1.100221648812294006e-03
1.723790890537202358e-03
6.699258810840547085e-04
2.539199590682983398e-02
1.071072649210691452e-03
8.650106787681579590e-01
9.249310242012143135e-04
1.531065907329320908e-03
6.944576161913573742e-04
1.479171589016914368e-02
1.287030056118965149e-03
7.048363983631134033e-02
1.247520325705409050e-03
