1.667410135269165039e-02
1.411652192473411560e-02
1.067607104778289795e-02
1.550029590725898743e-02
1.720071583986282349e-02
2.724523842334747314e-02
1.391849666833877563e-02
1.117324270308017731e-02
1.391676440834999084e-02
8.549335412681102753e-03
5.416717380285263062e-02
1.309867482632398605e-02
1.033365447074174881e-02
9.213909506797790527e-03
1.378431357443332672e-02
1.061900425702333450e-02
6.998221278190612793e-01
1.162554975599050522e-02
1.560688018798828125e-02
1.275796815752983093e-02
