9.348157793283462524e-03
5.204540677368640900e-03
3.909791819751262665e-03
5.982702597975730896e-03
4.528799094259738922e-03
1.759577542543411255e-02
4.488986916840076447e-03
5.317836534231901169e-03
8.718405850231647491e-03
2.876994432881474495e-03
1.560174077749252319e-01
4.582440480589866638e-03
2.296881191432476044e-02
3.768981434404850006e-03
6.168141961097717285e-03
2.619153819978237152e-03
2.519190609455108643e-01
4.869488533586263657e-03
4.738257825374603271e-01
5.288714542984962463e-03
