1.485761720687150955e-02
8.970622904598712921e-03
8.592493832111358643e-03
1.173752546310424805e-02
1.014371775090694427e-02
2.180811204016208649e-02
1.310495380312204361e-02
8.471890352666378021e-03
1.310655847191810608e-02
6.222913041710853577e-03
6.121048331260681152e-01
1.151346322149038315e-02
9.166590124368667603e-02
9.109591133892536163e-03
1.218997407704591751e-02
6.295005790889263153e-03
2.016628719866275787e-02
9.335686452686786652e-03
1.014422550797462463e-01
9.160616435110569000e-03
