4.635927081108093262e-02
4.454144462943077087e-02
3.979128599166870117e-02
4.859611392021179199e-02
5.677452310919761658e-02
6.098166108131408691e-02
5.320741608738899231e-02
3.844068944454193115e-02
3.887970000505447388e-02
3.666661307215690613e-02
4.436656460165977478e-02
4.740102589130401611e-02
1.166170910000801086e-01
3.561294451355934143e-02
4.005607590079307556e-02
3.975113481283187866e-02
7.464195042848587036e-02
4.494222626090049744e-02
4.797621816396713257e-02
4.439607635140419006e-02
