4.676487878896296024e-04
4.888607072643935680e-04
3.889179497491568327e-04
7.357611320912837982e-04
7.771824020892381668e-04
1.370941172353923321e-03
4.294354584999382496e-04
3.365339071024209261e-04
2.661301114130765200e-04
2.431390166748315096e-04
6.469447980634868145e-04
5.664232885465025902e-04
9.897921085357666016e-01
2.739823830779641867e-04
3.483154287096112967e-04
3.478450817056000233e-04
9.791103657335042953e-04
6.883435416966676712e-04
3.172827709931880236e-04
5.350178107619285583e-04
