2.345402725040912628e-02
1.803332567214965820e-02
1.477265264838933945e-02
2.096313051879405975e-02
2.310904301702976227e-02
3.336954861879348755e-02
1.930438540875911713e-02
1.469724625349044800e-02
1.956478878855705261e-02
1.285546645522117615e-02
5.160009115934371948e-02
1.846663467586040497e-02
3.237428888678550720e-02
1.447631977498531342e-02
2.201342396438121796e-02
1.479159854352474213e-02
5.756891965866088867e-01
1.639584079384803772e-02
3.444932773709297180e-02
1.961967721581459045e-02
