9.993784624384716153e-05
4.317739148973487318e-05
2.193781983805820346e-05
4.460261698113754392e-05
4.043017543153837323e-05
2.375864278292283416e-04
3.358661706442944705e-05
5.458180385176092386e-05
9.847284673014655709e-05
1.890705607365816832e-05
3.145998110994696617e-03
2.371387745370157063e-05
1.709923380985856056e-03
2.241697438876144588e-05
3.845253013423644006e-05
1.344861266261432320e-05
5.560606950893998146e-04
3.520199970807880163e-05
9.937219023704528809e-01
3.964606730733066797e-05
