1.180006074719130993e-05
5.004214017390040681e-06
3.198478680133121088e-06
8.517856258549727499e-06
3.351759687575395219e-06
4.745435580844059587e-05
4.107127551833400503e-06
2.881846057789516635e-06
7.765839654894080013e-06
1.331789121650217567e-06
1.483922917395830154e-02
9.426213182450737804e-06
1.836660885601304471e-05
4.035062374896369874e-06
1.230084308190271258e-05
1.847247062869428191e-06
9.850078821182250977e-01
4.917872047371929511e-06
1.117966803576564416e-06
5.415678515419131145e-06
