9.048861102201044559e-04
6.785526056773960590e-04
5.035616341046988964e-04
9.365871082991361618e-04
9.568711393512785435e-04
2.253436716273427010e-03
4.948734422214329243e-04
4.506630939431488514e-04
7.326321792788803577e-04
3.464285109657794237e-04
8.363364031538367271e-04
6.519848247990012169e-04
5.845187697559595108e-03
4.150000168010592461e-04
9.498612489551305771e-04
5.297887255437672138e-04
9.801594018936157227e-01
7.353039691224694252e-04
8.364699897356331348e-04
7.821661420166492462e-04
