1.458904123865067959e-03
8.881203248165547848e-04
7.746411720290780067e-04
1.531341578811407089e-03
1.400089240632951260e-03
3.676520427688956261e-03
1.228651613928377628e-03
8.562949369661509991e-04
1.076252898201346397e-03
5.432386533357203007e-04
3.292442858219146729e-02
9.500675369054079056e-04
9.051176905632019043e-01
7.399803726002573967e-04
1.068099867552518845e-03
5.995661485940217972e-04
2.504485193639993668e-03
9.705438860692083836e-04
4.079671204090118408e-02
8.943973225541412830e-04
