3.215544438717188314e-06
2.276972509207553230e-06
1.328512325926567428e-06
3.658693458419293165e-06
2.435356464047799818e-06
1.349328522337600589e-05
1.747785972838755697e-06
1.137689082497672644e-06
2.268376874781097285e-06
5.611793767457129434e-07
3.124128124909475446e-05
2.402211748631088994e-06
5.774775218014838174e-06
8.748941695557732601e-07
3.052923602808732539e-06
1.009563334264385048e-06
9.999194145202636719e-01
1.720649834169307724e-06
3.548310871792637045e-07
2.020763304244610481e-06
