4.738721763715147972e-04
3.509230446070432663e-04
3.930346574634313583e-04
6.870480719953775406e-04
6.134315626695752144e-04
1.221658079884946346e-03
5.122841685079038143e-04
2.744878875091671944e-04
3.382631693966686726e-04
1.989803422475233674e-04
9.211289696395397186e-03
5.077733658254146576e-04
9.814161062240600586e-01
3.001973382197320461e-04
3.918534494005143642e-04
3.035063273273408413e-04
1.494232565164566040e-03
5.095653468742966652e-04
4.068325506523251534e-04
3.946154611185193062e-04
