1.116001294576562941e-04
8.064147550612688065e-05
5.844465704285539687e-05
1.258729462279006839e-04
9.530974784865975380e-05
3.105374344158917665e-04
5.866791980224661529e-05
5.249853711575269699e-05
9.637816401664167643e-05
3.623330121627077460e-05
1.370105164824053645e-04
7.378851296380162239e-05
2.708788088057190180e-04
4.450328924576751888e-05
1.105826522689312696e-04
6.050714728189632297e-05
9.980369210243225098e-01
8.675213030073791742e-05
5.596717164735309780e-05
9.682709060143679380e-05
