5.105610936880111694e-02
4.215693473815917969e-02
3.990834206342697144e-02
4.615956172347068787e-02
4.583192989230155945e-02
5.131569504737854004e-02
4.186823591589927673e-02
4.012711718678474426e-02
4.441853985190391541e-02
3.728550672531127930e-02
4.854826629161834717e-02
4.337014630436897278e-02
9.186077117919921875e-02
4.148002341389656067e-02
4.383973032236099243e-02
4.007964581251144409e-02
9.572686254978179932e-02
4.700116068124771118e-02
6.271059066057205200e-02
4.525491967797279358e-02
