8.422636892646551132e-04
4.440826887730509043e-04
3.222981467843055725e-04
6.100444588810205460e-04
3.836100513581186533e-04
1.890726387500762939e-03
3.178074257448315620e-04
4.089311987627297640e-04
7.453977013938128948e-04
2.294276055181398988e-04
8.509887382388114929e-03
4.283354210201650858e-04
1.323234289884567261e-03
3.245692641939967871e-04
5.526972236111760139e-04
2.469418686814606190e-04
9.734812974929809570e-01
4.692345100920647383e-04
7.951807230710983276e-03
5.174472462385892868e-04
