9.197588078677654266e-04
7.010049885138869286e-04
5.377624183893203735e-04
1.029124483466148376e-03
1.009045285172760487e-03
2.798835746943950653e-03
4.716490511782467365e-04
4.703280574176460505e-04
7.011597626842558384e-04
3.280821256339550018e-04
8.761443314142525196e-04
7.199447718448936939e-04
8.319317549467086792e-02
4.055846366100013256e-04
9.233180899173021317e-04
5.188896902836859226e-04
9.014673233032226562e-01
8.156012627296149731e-04
1.324961194768548012e-03
7.882941863499581814e-04
