2.459886854921933264e-05
2.390537883911747485e-05
2.150793807231821120e-05
4.777063077199272811e-05
4.478892151382751763e-05
9.099156159209087491e-05
2.531957215978763998e-05
1.591336513229180127e-05
1.234631781699135900e-05
1.137070739787304774e-05
1.130492964875884354e-04
3.083406772930175066e-05
9.993574023246765137e-01
1.396361858496675268e-05
1.613919448573142290e-05
1.604856333869975060e-05
5.232520925346761942e-05
3.939470479963347316e-05
1.408305888617178425e-05
2.829617187671829015e-05
