2.151992358267307281e-02
1.547955069690942764e-02
1.635676994919776917e-02
2.311689965426921844e-02
1.985342055559158325e-02
3.061408177018165588e-02
2.870180271565914154e-02
1.355295348912477493e-02
1.686698943376541138e-02
1.192495599389076233e-02
2.841835916042327881e-01
2.110871300101280212e-02
3.677344024181365967e-01
1.654773019254207611e-02
1.694230921566486359e-02
1.262447983026504517e-02
2.327463589608669281e-02
2.069914899766445160e-02
2.197687886655330658e-02
1.692086085677146912e-02
