4.442618228495121002e-03
3.696901723742485046e-03
3.850412555038928986e-03
6.224823184311389923e-03
5.556602030992507935e-03
7.383244577795267105e-03
5.186178255826234818e-03
3.232819261029362679e-03
3.227827139198780060e-03
2.767626661807298660e-03
2.060917392373085022e-02
4.897169303148984909e-03
9.002996683120727539e-01
3.401363734155893326e-03
3.276276169344782829e-03
3.213881747797131538e-03
6.209336686879396439e-03
5.160860251635313034e-03
2.947255736216902733e-03
4.415892530232667923e-03
