1.533243432641029358e-02
1.385621912777423859e-02
9.865360334515571594e-03
1.681955158710479736e-02
1.835676655173301697e-02
3.437666967511177063e-02
1.148541271686553955e-02
9.652037173509597778e-03
1.112320367246866226e-02
7.399838417768478394e-03
1.013688556849956512e-02
1.418301369994878769e-02
3.640123307704925537e-01
8.387586101889610291e-03
1.422089338302612305e-02
1.094397343695163727e-02
3.833878338336944580e-01
1.726975850760936737e-02
1.420607510954141617e-02
1.498420257121324539e-02
