9.715299711388070136e-07
7.941110879983170889e-07
8.417935646320984233e-07
2.211699211329687387e-06
1.876871237982413732e-06
4.334457571530947462e-06
1.077752131095621735e-06
4.883328870164405089e-07
5.305299737301538698e-07
3.041227216726838378e-07
6.278007640503346920e-05
1.236448156305414159e-06
9.999122619628906250e-01
5.636824198518297635e-07
6.728352559548511636e-07
5.034274295212526340e-07
5.508502908924128860e-06
1.631050395189959090e-06
4.491299989695107797e-07
9.197146937367506325e-07
