1.986456569284200668e-03
9.316267096437513828e-04
6.073364056646823883e-04
1.209833426401019096e-03
8.716917363926768303e-04
3.870719112455844879e-03
6.212082807905972004e-04
9.223069646395742893e-04
1.631040940992534161e-03
4.760439624078571796e-04
3.739397274330258369e-03
6.503473850898444653e-04
6.169665139168500900e-03
5.675742286257445812e-04
9.219459607265889645e-04
5.029114545322954655e-04
8.888462185859680176e-01
1.064841286279261112e-03
8.328448981046676636e-02
1.124406466260552406e-03
