9.831185452640056610e-04
8.216088172048330307e-04
5.370975704863667488e-04
1.174094853922724724e-03
1.060209120623767376e-03
2.561620902270078659e-03
5.945127340964972973e-04
4.657861136365681887e-04
7.270974456332623959e-04
3.620500501710921526e-04
7.020026096142828465e-04
7.428101380355656147e-04
5.640286952257156372e-03
4.142141551710665226e-04
9.507946087978780270e-04
5.714282742701470852e-04
9.796565771102905273e-01
8.560779970139265060e-04
3.203774685971438885e-04
8.582148002460598946e-04
