1.531045883893966675e-02
1.077455282211303711e-02
9.136850945651531219e-03
1.366345770657062531e-02
1.296007819473743439e-02
2.467827126383781433e-02
1.097251195460557938e-02
1.073200348764657974e-02
1.296950038522481918e-02
7.992928847670555115e-03
6.008725985884666443e-02
1.021378673613071442e-02
4.390237629413604736e-01
9.869122877717018127e-03
1.261471211910247803e-02
7.641475182026624680e-03
5.794585868716239929e-02
1.148974895477294922e-02
2.511197328567504883e-01
1.080397795885801315e-02
