8.599975444667506963e-06
9.383653377881273627e-06
8.245173376053571701e-06
1.775713462848216295e-05
1.686852010607253760e-05
4.102329694433137774e-05
7.888944310252554715e-06
5.871534540347056463e-06
5.558861630561295897e-06
3.774170181713998318e-06
3.993782229372300208e-05
1.330261329712811857e-05
9.996733665466308594e-01
4.716345301858382300e-06
8.460744538751896471e-06
7.014264156168792397e-06
9.376768866786733270e-05
1.522589900559978560e-05
1.018805414787493646e-05
8.949990842666011304e-06
