1.617292400624137372e-05
1.128512758441502228e-05
7.561029178759781644e-06
1.835964758356567472e-05
1.344756037724437192e-05
4.901021748082712293e-05
7.049866326269693673e-06
6.750338343408657238e-06
1.307735146838240325e-05
4.362213076092302799e-06
2.673560993571300060e-05
1.137573235610034317e-05
4.862895366386510432e-05
5.883988706045784056e-06
1.841121593315619975e-05
7.597793228342197835e-06
9.997045397758483887e-01
1.085272924683522433e-05
5.719476575904991478e-06
1.317568330705398694e-05
