4.280371649656444788e-05
3.034427572856657207e-05
2.128482992702629417e-05
4.545468618744052947e-05
3.547889355104416609e-05
1.259720884263515472e-04
1.888868428068235517e-05
1.953677201527170837e-05
3.554428985808044672e-05
1.223993876919848844e-05
6.507830403279513121e-05
2.670642606972251087e-05
1.036932735587470233e-04
1.606018304300960153e-05
4.373340561869554222e-05
2.103831684507895261e-05
9.992430210113525391e-01
3.061463212361559272e-05
2.783636591630056500e-05
3.485088745946995914e-05
