1.727535016834735870e-02
1.232976280152797699e-02
1.185863930732011795e-02
1.553202513605356216e-02
1.319446600973606110e-02
2.437468990683555603e-02
2.535498328506946564e-02
9.490186348557472229e-03
1.364635024219751358e-02
8.548909798264503479e-03
6.886388063430786133e-01
1.718019135296344757e-02
4.612540826201438904e-02
1.309486478567123413e-02
1.372576411813497543e-02
8.128119632601737976e-03
2.901556715369224548e-02
1.415783353149890900e-02
7.040380965918302536e-03
1.128769293427467346e-02
