5.013593545299954712e-05
1.973366124730091542e-05
1.028908536682138219e-05
2.052168019872624427e-05
1.896667527034878731e-05
1.315639528911560774e-04
1.476058878324693069e-05
2.524922456359490752e-05
4.985272971680387855e-05
8.714138857612852007e-06
1.771277631632983685e-03
1.018573402689071372e-05
1.246010535396635532e-03
1.053899177350103855e-05
1.744564724504016340e-05
5.812019480799790472e-06
5.007439176551997662e-04
1.671082281973212957e-05
9.960525035858154297e-01
1.890919156721793115e-05
