9.255310287699103355e-04
6.711222231388092041e-04
4.908717237412929535e-04
9.402100113220512867e-04
6.963638588786125183e-04
1.737043028697371483e-03
4.972396418452262878e-04
4.776681889779865742e-04
7.037473842501640320e-04
3.637964837253093719e-04
1.224930165335536003e-03
6.271026213653385639e-04
1.015697955153882504e-03
4.370600508991628885e-04
8.766065002419054508e-04
5.317960167303681374e-04
9.860550761222839355e-01
6.681109080091118813e-04
2.947530010715126991e-04
7.651894120499491692e-04
