8.419694495387375355e-04
5.119995912536978722e-04
4.494560707826167345e-04
7.258423720486462116e-04
4.445840604603290558e-04
1.643913565203547478e-03
3.978281747549772263e-04
4.159017698839306831e-04
7.585664279758930206e-04
2.746318641584366560e-04
7.881906814873218536e-03
7.057671318762004375e-04
2.912220079451799393e-03
4.743484314531087875e-04
8.836138295009732246e-04
3.964526113122701645e-04
9.786307811737060547e-01
6.155390874482691288e-04
4.061874351464211941e-04
6.284947157837450504e-04
