7.137013017199933529e-04
6.283953553065657616e-04
5.399495130404829979e-04
9.966540383175015450e-04
9.366404265165328979e-04
2.350863302126526833e-03
4.239286936353892088e-04
3.812461218331009150e-04
4.672840295825153589e-04
2.890658797696232796e-04
9.145767544396221638e-04
7.265971507877111435e-04
9.231596589088439941e-01
3.790035843849182129e-04
6.766574224457144737e-04
4.411298432387411594e-04
6.402781605720520020e-02
9.448979981243610382e-04
2.580543223302811384e-04
7.438580505549907684e-04
