3.947598452214151621e-04
3.056338464375585318e-04
2.859613450709730387e-04
5.492947530001401901e-04
4.821391194127500057e-04
7.941034273244440556e-04
3.349259786773473024e-04
2.768211707007139921e-04
2.645174099598079920e-04
1.940155198099091649e-04
1.626420533284544945e-03
3.634900494944304228e-04
9.904610514640808105e-01
2.664410858415067196e-04
2.599618746899068356e-04
2.313962031621485949e-04
9.645564132370054722e-04
4.551564634311944246e-04
1.150113530457019806e-03
3.392686485312879086e-04
