9.967181831598281860e-03
7.335995323956012726e-03
6.340891122817993164e-03
9.331218898296356201e-03
8.860320784151554108e-03
1.755157671868801117e-02
5.855867639183998108e-03
6.822426337748765945e-03
8.623902685940265656e-03
4.792656283825635910e-03
2.128721587359905243e-02
6.941614672541618347e-03
6.270685195922851562e-01
6.090358365327119827e-03
8.237733505666255951e-03
5.268715787678956985e-03
1.276822090148925781e-01
8.093507029116153717e-03
9.646810591220855713e-02
7.379933726042509079e-03
