9.182358044199645519e-04
4.856040759477764368e-04
2.665535721462219954e-04
5.406095297075808048e-04
4.632645577657967806e-04
3.764714812859892845e-03
4.498506314121186733e-04
4.437815514393150806e-04
8.663361077196896076e-04
1.677735417615622282e-04
1.368450969457626343e-01
3.374061780050396919e-04
1.855611102655529976e-03
2.184303739340975881e-04
4.186729493085294962e-04
1.379242603434249759e-04
1.958677023649215698e-01
3.226601693313568830e-04
6.551674604415893555e-01
4.623800923582166433e-04
