4.447928629815578461e-03
2.451287349686026573e-03
1.672729151323437691e-03
2.500672824680805206e-03
2.313885139301419258e-03
9.280921891331672668e-03
2.717647235840559006e-03
2.491080434992909431e-03
4.052216652780771255e-03
1.237974269315600395e-03
2.401188760995864868e-01
2.157434355467557907e-03
1.185015402734279633e-02
1.702149747870862484e-03
2.448866609483957291e-03
9.790862677618861198e-04
1.746837422251701355e-02
1.955901971086859703e-03
6.858595013618469238e-01
2.293348545208573341e-03
