2.118067583069205284e-03
1.825349521823227406e-03
1.228407607413828373e-03
2.177726244553923607e-03
2.016606507822871208e-03
5.274369381368160248e-03
1.778100966475903988e-03
1.305143814533948898e-03
1.836622715927660465e-03
8.497962262481451035e-04
1.274965517222881317e-02
1.488033449277281761e-03
9.534813580103218555e-04
9.883610764518380165e-04
1.560188597068190575e-03
9.813512442633509636e-04
9.543839097023010254e-01
1.303508644923567772e-03
3.464431734755635262e-03
1.716814120300114155e-03
