1.010209757623670157e-06
1.140116523856704589e-06
7.388462677226925734e-07
2.269889364470145665e-06
2.531515292503172532e-06
6.504908014903776348e-06
8.402804496654425748e-07
6.089221074034867343e-07
4.223898315558471950e-07
3.784678881402214756e-07
2.431694383631111123e-06
1.264673414880235214e-06
9.999709129333496094e-01
4.265573352313367650e-07
6.597971946575853508e-07
6.349136469907534774e-07
3.298533329143538140e-06
1.674931354500586167e-06
9.409304766450077295e-07
1.290196337322413456e-06
