2.115325536578893661e-03
1.172251068055629730e-03
7.684734882786870003e-04
1.567575964145362377e-03
1.374571118503808975e-03
4.858294501900672913e-03
1.285241218283772469e-03
1.186270383186638355e-03
1.645920798182487488e-03
6.483197212219238281e-04
4.162790998816490173e-02
9.208086994476616383e-04
3.316707611083984375e-01
9.024395258165895939e-04
1.177752972580492496e-03
6.067139911465346813e-04
6.271266844123601913e-03
1.170326373539865017e-03
5.979612469673156738e-01
1.068445621058344841e-03
