3.806040436029434204e-02
2.805742993950843811e-02
2.749457210302352905e-02
4.018300771713256836e-02
3.403552621603012085e-02
4.705718159675598145e-02
3.642165288329124451e-02
2.583723701536655426e-02
2.857888676226139069e-02
2.237066254019737244e-02
1.436611562967300415e-01
3.117408975958824158e-02
2.739013731479644775e-01
2.626015432178974152e-02
3.057685866951942444e-02
2.334956638514995575e-02
2.503724955022335052e-02
3.247603029012680054e-02
5.554080381989479065e-02
2.992619574069976807e-02
