5.205954890698194504e-03
2.841774839907884598e-03
2.537823515012860298e-03
3.938742913305759430e-03
2.204004675149917603e-03
8.177446201443672180e-03
2.783493604511022568e-03
2.340831793844699860e-03
4.020086955279111862e-03
1.637594541534781456e-03
1.829957813024520874e-01
4.158812575042247772e-03
1.146601326763629913e-02
2.952259965240955353e-03
5.213954485952854156e-03
1.981618814170360565e-03
7.468591928482055664e-01
3.756518475711345673e-03
1.388506148941814899e-03
3.539563156664371490e-03
