3.574734088033437729e-03
2.460823161527514458e-03
2.030056202784180641e-03
3.325777128338813782e-03
2.340113744139671326e-03
5.587643012404441833e-03
1.998161664232611656e-03
2.026288304477930069e-03
2.741068601608276367e-03
1.393879880197346210e-03
1.862283051013946533e-02
3.027037251740694046e-03
5.368523299694061279e-03
2.040108432993292809e-03
3.403884591534733772e-03
1.859982730820775032e-03
9.322082400321960449e-01
2.501043025404214859e-03
9.291238966397941113e-04
2.560655120760202408e-03
