4.206401295959949493e-03
2.383456798270344734e-03
1.613207394257187843e-03
2.768681384623050690e-03
2.682231599465012550e-03
7.971156388521194458e-03
1.792487804777920246e-03
2.120387507602572441e-03
3.828295972198247910e-03
1.300050411373376846e-03
6.423747166991233826e-03
1.721933833323419094e-03
9.347900748252868652e-03
1.436367630958557129e-03
2.242695074528455734e-03
1.402176450937986374e-03
8.529888391494750977e-01
2.651397371664643288e-03
8.837799727916717529e-02
2.740554278716444969e-03
