9.009155444800853729e-03
5.276675336062908173e-03
5.086904391646385193e-03
6.883565802127122879e-03
6.175339221954345703e-03
1.416936237365007401e-02
9.530181065201759338e-03
4.670220892876386642e-03
7.511657197028398514e-03
3.634748049080371857e-03
8.009443879127502441e-01
7.348841056227684021e-03
3.568170219659805298e-02
5.911986343562602997e-03
7.257218006998300552e-03
3.497233847156167030e-03
1.696587540209293365e-02
5.470457952469587326e-03
3.945457190275192261e-02
5.519828759133815765e-03
