3.601083997637033463e-03
3.371770726516842842e-03
2.424567705020308495e-03
4.322677385061979294e-03
4.094229079782962799e-03
7.047094404697418213e-03
3.403929295018315315e-03
2.288343152031302452e-03
3.120950190350413322e-03
1.795911695808172226e-03
4.301331005990505219e-03
2.896009245887398720e-03
2.117168856784701347e-03
1.825466984882950783e-03
3.551563713699579239e-03
2.335899043828248978e-03
9.402101039886474609e-01
2.747331978753209114e-03
1.360281603410840034e-03
3.184343688189983368e-03
