4.053399898111820221e-03
2.962660044431686401e-03
3.293854184448719025e-03
5.544315092265605927e-03
4.260068759322166443e-03
7.036780472844839096e-03
5.334632005542516708e-03
2.454140223562717438e-03
3.054673783481121063e-03
2.098168712109327316e-03
6.522935628890991211e-02
4.375718068331480026e-03
8.649966716766357422e-01
3.001533215865492821e-03
3.021587384864687920e-03
2.410843269899487495e-03
6.294647231698036194e-03
4.880633670836687088e-03
2.125550759956240654e-03
3.570762928575277328e-03
