5.913820117712020874e-03
4.214050713926553726e-03
2.916747471317648888e-03
6.046956405043601990e-03
5.765084642916917801e-03
1.222595106810331345e-02
4.410066641867160797e-03
3.897101385518908501e-03
3.738946514204144478e-03
2.758026821538805962e-03
1.487692259252071381e-02
3.655227832496166229e-03
8.455550670623779297e-01
2.868399024009704590e-03
3.672863589599728584e-03
2.555876504629850388e-03
7.137205451726913452e-03
4.831377416849136353e-03
5.853007733821868896e-02
4.430369939655065536e-03
