6.655713077634572983e-03
6.731000263243913651e-03
5.658445879817008972e-03
9.151545353233814240e-03
1.023930869996547699e-02
1.370985899120569229e-02
6.563214119523763657e-03
5.225870758295059204e-03
4.713332746177911758e-03
4.653487820178270340e-03
7.728070486336946487e-03
7.754751481115818024e-03
8.603384494781494141e-01
4.731890745460987091e-03
5.763072520494461060e-03
5.452562123537063599e-03
1.096802763640880585e-02
8.457776159048080444e-03
7.933972403407096863e-03
7.569657173007726669e-03
