2.083732215396594256e-05
2.029136521741747856e-05
1.328927828581072390e-05
3.123131318716332316e-05
3.979317625635303557e-05
1.077689375961199403e-04
1.320321280218195170e-05
1.276503280678298324e-05
1.116674957302166149e-05
7.469725005648797378e-06
2.452409535180777311e-05
1.973999133042525500e-05
9.993915557861328125e-01
7.747731615381781012e-06
1.457699909224174917e-05
1.133317255153087899e-05
1.264513557543978095e-04
2.817152562784031034e-05
7.693390216445550323e-05
2.117925032507628202e-05
