1.741262622090289369e-06
7.919507538645120803e-07
6.502864380308892578e-07
2.285206164742703550e-06
1.745565441524377093e-06
1.283660276385489851e-05
1.459228656131017487e-06
6.629919653278193437e-07
1.019117689793347381e-06
3.030559412309230538e-07
5.453142221085727215e-04
8.871855357028834987e-07
9.990948438644409180e-01
5.328082579580950551e-07
9.905910474117263220e-07
3.626955731306225061e-07
5.818601948703872040e-06
1.122981302614789456e-06
3.258065262343734503e-04
8.727407134756504092e-07
