4.254889860749244690e-02
3.443906456232070923e-02
3.294311463832855225e-02
4.086309671401977539e-02
4.720150306820869446e-02
6.308321654796600342e-02
4.970544204115867615e-02
3.024616464972496033e-02
3.369339928030967712e-02
2.521780878305435181e-02
1.542596369981765747e-01
4.247766733169555664e-02
9.306551516056060791e-02
2.871107496321201324e-02
3.510017320513725281e-02
2.714994177222251892e-02
1.026140376925468445e-01
3.483274206519126892e-02
4.903390631079673767e-02
3.281354904174804688e-02
