2.136609055014559999e-06
1.209552351610909682e-06
7.015978553681634367e-07
1.998525249291560613e-06
1.210705249832244590e-06
7.620817996212281287e-06
6.506658110083662905e-07
7.757748790027108043e-07
1.488121142756426707e-06
3.868122746553126490e-07
1.484474614699138328e-05
1.195028630718297791e-06
2.290961901962873526e-06
6.040813218533003237e-07
1.835157036111922935e-06
6.956374818400945514e-07
9.999572038650512695e-01
1.140149834100157022e-06
5.270649694466555957e-07
1.502561303823313210e-06
