1.448631792300147936e-05
1.349705507891485468e-05
1.289329793507931754e-05
2.831988604157231748e-05
2.510750164219643921e-05
5.263604180072434247e-05
1.262453224626369774e-05
9.206562936014961451e-06
7.832532901375088841e-06
6.137322088761720806e-06
6.538870366057381034e-05
1.854120637290179729e-05
9.995942711830139160e-01
8.021802386792842299e-06
1.104273542296141386e-05
9.942486030922736973e-06
5.829163274029269814e-05
2.292128738190513104e-05
1.388580676575656980e-05
1.504604369984008372e-05
