2.286556549370288849e-02
2.322811633348464966e-02
1.791322417557239532e-02
2.787187881767749786e-02
3.189456462860107422e-02
4.102401807904243469e-02
2.313428930938243866e-02
1.873441785573959351e-02
1.663800142705440521e-02
1.674298942089080811e-02
1.817067526280879974e-02
2.483955398201942444e-02
5.481298565864562988e-01
1.635690219700336456e-02
1.957543380558490753e-02
1.969667896628379822e-02
2.715314924716949463e-02
2.763441018760204315e-02
3.252290561795234680e-02
2.587330713868141174e-02
