8.949147886596620083e-04
4.232577048242092133e-04
3.099535242654383183e-04
5.184721667319536209e-04
4.276428953744471073e-04
2.273085992783308029e-03
8.581457659602165222e-04
3.704574482981115580e-04
7.566908607259392738e-04
1.969112054212018847e-04
9.346938133239746094e-01
5.888630985282361507e-04
6.516125518828630447e-03
3.863504971377551556e-04
6.173292640596628189e-04
1.685320021351799369e-04
1.827126601710915565e-03
3.760579274967312813e-04
4.739902541041374207e-02
3.972120757680386305e-04
