5.544312763959169388e-03
3.582213073968887329e-03
4.397323355078697205e-03
6.355283316224813461e-03
4.612671211361885071e-03
8.457068353891372681e-03
7.108252029865980148e-03
3.036154666915535927e-03
4.604212474077939987e-03
2.480633556842803955e-03
3.281114101409912109e-01
5.869477987289428711e-03
5.757083892822265625e-01
4.422776401042938232e-03
5.021431017667055130e-03
2.686817431822419167e-03
1.521816197782754898e-02
6.120600271970033646e-03
2.165834419429302216e-03
4.496962763369083405e-03
