2.079366892576217651e-02
1.637800224125385284e-02
1.523700356483459473e-02
2.060558833181858063e-02
1.767011359333992004e-02
2.841362729668617249e-02
1.392377726733684540e-02
1.402173470705747604e-02
1.721324026584625244e-02
1.186842285096645355e-02
1.774294301867485046e-02
1.706040091812610626e-02
7.987266778945922852e-02
1.401420868933200836e-02
2.075375989079475403e-02
1.571529917418956757e-02
6.080551147460937500e-01
1.887703128159046173e-02
1.392333861440420151e-02
1.786013878881931305e-02
