1.584906203788705170e-05
5.422214599093422294e-06
2.439135869281017222e-06
7.003382506809430197e-06
5.985022653476335108e-06
6.040965308784507215e-05
4.583151167025789618e-06
6.459815722337225452e-06
1.557946779939811677e-05
2.063732381429872476e-06
2.708530984818935394e-03
2.826911668307729997e-06
3.352624131366610527e-03
2.859694404833135195e-06
5.736193998018279672e-06
1.204892214445862919e-06
1.228116598213091493e-04
4.644341061066370457e-06
9.936681389808654785e-01
4.738486040878342465e-06
