2.070595946861431003e-04
1.422954665031284094e-04
1.052522202371619642e-04
2.026206202572211623e-04
1.544615806778892875e-04
5.041471449658274651e-04
1.070655926014296710e-04
1.035363602568395436e-04
1.837296731537207961e-04
6.808502803323790431e-05
3.716540231835097075e-04
1.228839100804179907e-04
2.150011423509567976e-04
8.348047413164749742e-05
1.839302276493981481e-04
1.021093266899697483e-04
9.966259002685546875e-01
1.469056733185425401e-04
2.008625160669907928e-04
1.690641802269965410e-04
