5.952647370577324182e-06
6.136306183179840446e-06
4.782799351232824847e-06
1.059533951774938032e-05
1.258183237951016054e-05
2.898424281738698483e-05
4.490175342652946711e-06
3.661340542748803273e-06
3.284521881141699851e-06
2.516251242923317477e-06
1.079433332051848993e-05
6.685156677121995017e-06
9.998111128807067871e-01
2.998127456521615386e-06
4.986893600289477035e-06
4.000884018751094118e-06
5.151550067239440978e-05
8.367060218006372452e-06
1.070894268195843324e-05
5.747487193730194122e-06
