1.112560130422934890e-05
1.080577567336149514e-05
8.999412784760352224e-06
2.266447518195491284e-05
1.933283419930376112e-05
4.927325790049508214e-05
1.024071843858109787e-05
6.834558917034883052e-06
5.594922640739241615e-06
4.897844519291538745e-06
5.087314639240503311e-05
1.309463186771608889e-05
9.996908903121948242e-01
6.011619007040280849e-06
8.401289051107596606e-06
7.077408554323483258e-06
3.608729821280576289e-05
1.710278957034461200e-05
9.159554792859125882e-06
1.159426483354764059e-05
