4.072852898389101028e-03
3.583163954317569733e-03
3.503661835566163063e-03
5.922954529523849487e-03
5.670583806931972504e-03
8.510358631610870361e-03
4.133906681090593338e-03
2.761955372989177704e-03
2.872159937396645546e-03
2.384173916652798653e-03
1.303146500140428543e-02
4.449237603694200516e-03
9.113862514495849609e-01
2.757314126938581467e-03
3.478485392406582832e-03
3.005353966727852821e-03
6.224011071026325226e-03
4.723812919110059738e-03
3.436208004131913185e-03
4.092096351087093353e-03
