4.709933637059293687e-05
3.028288665518630296e-05
2.002359360631089658e-05
4.857848762185312808e-05
2.976745599880814552e-05
1.198428872157819569e-04
1.959326073119882494e-05
2.088127621391322464e-05
3.553044371074065566e-05
1.358111239824211225e-05
1.449667761335149407e-04
2.918448990385513753e-05
4.071725197718478739e-05
1.814003189792856574e-05
4.459522460820153356e-05
2.154506364604458213e-05
9.992358684539794922e-01
2.982030491693876684e-05
1.216140481119509786e-05
3.784516593441367149e-05
