4.648110363632440567e-03
3.720036707818508148e-03
2.866190392524003983e-03
4.431698471307754517e-03
4.248099401593208313e-03
9.193460457026958466e-03
3.669958794489502907e-03
2.610308350995182991e-03
3.782454878091812134e-03
1.890143845230340958e-03
2.833854593336582184e-02
4.136572126299142838e-03
1.167271286249160767e-02
2.604060107842087746e-03
4.317405633628368378e-03
2.519116504117846489e-03
8.958652615547180176e-01
3.458620980381965637e-03
2.635871758684515953e-03
3.391408361494541168e-03
