9.674724191427230835e-03
5.250496789813041687e-03
3.722864668816328049e-03
5.671236664056777954e-03
4.835456609725952148e-03
1.537372823804616928e-02
3.584927879273891449e-03
5.390374921262264252e-03
8.680173195898532867e-03
3.025132231414318085e-03
1.727365329861640930e-02
3.770479233935475349e-03
2.066996507346630096e-02
3.569979453459382057e-03
4.364515654742717743e-03
2.961217891424894333e-03
4.765591621398925781e-01
5.984646268188953400e-03
3.939522504806518555e-01
5.685066338628530502e-03
