6.167671643197536469e-03
4.497817251831293106e-03
3.734032856300473213e-03
5.761020351201295853e-03
5.859784316271543503e-03
1.408534497022628784e-02
3.560997778549790382e-03
3.868097672238945961e-03
5.862146615982055664e-03
2.562312176451086998e-03
2.024217136204242706e-02
3.973443992435932159e-03
4.769326448440551758e-01
3.222735598683357239e-03
5.506341345608234406e-03
2.985037630423903465e-03
2.587541937828063965e-01
4.847914446145296097e-03
1.629415601491928101e-01
4.634708166122436523e-03
