4.218689352273941040e-02
3.630636632442474365e-02
3.013388626277446747e-02
3.919479995965957642e-02
4.324095696210861206e-02
5.939912423491477966e-02
3.783058375120162964e-02
3.176492825150489807e-02
3.553093969821929932e-02
2.801831252872943878e-02
3.636252880096435547e-02
3.516052290797233582e-02
1.867010444402694702e-01
3.017506375908851624e-02
3.387890756130218506e-02
3.106092475354671478e-02
1.053791046142578125e-01
4.293344169855117798e-02
7.587347179651260376e-02
3.886819258332252502e-02
