1.955016283318400383e-03
1.597893889993429184e-03
1.200443948619067669e-03
2.559461165219545364e-03
2.452461514621973038e-03
4.869431722909212112e-03
1.647532684728503227e-03
1.314179855398833752e-03
1.211000839248299599e-03
1.004588906653225422e-03
4.105146043002605438e-03
1.513925031758844852e-03
9.565878510475158691e-01
1.057210494764149189e-03
1.369764679111540318e-03
1.096764113754034042e-03
2.762606600299477577e-03
1.952043850906193256e-03
7.998907938599586487e-03
1.743757980875670910e-03
