5.285168532282114029e-03
3.760518506169319153e-03
2.901635831221938133e-03
4.522287286818027496e-03
4.818570334464311600e-03
1.173003949224948883e-02
2.810116624459624290e-03
2.990389475598931313e-03
4.734189249575138092e-03
2.077118959277868271e-03
4.506852012127637863e-03
3.239694284275174141e-03
6.890159100294113159e-02
2.500996692106127739e-03
4.275589250028133392e-03
2.654389943927526474e-03
8.265720009803771973e-01
4.504404962062835693e-03
3.297403082251548767e-02
4.240469541400671005e-03
