3.206294422852806747e-06
2.326246431039180607e-06
1.034151523526816163e-06
2.907214820879744366e-06
2.077128101518610492e-06
1.521162175777135417e-05
1.791358045011293143e-06
1.134470494434935972e-06
2.147709665223374031e-06
5.219939680500829127e-07
1.315467961831018329e-04
2.131752125933417119e-06
9.585650104781962000e-07
8.023238251553266309e-07
2.564502437962801196e-06
7.426094725815346465e-07
9.998252987861633301e-01
1.258056499864323996e-06
5.209620326240838040e-07
1.952723778231302276e-06
