1.681674085557460785e-02
1.171135250478982925e-02
1.099038776010274887e-02
1.497141458094120026e-02
1.206095423549413681e-02
2.338023670017719269e-02
1.245913933962583542e-02
9.855248965322971344e-03
1.438120286911725998e-02
7.951573468744754791e-03
8.309504389762878418e-02
1.482458598911762238e-02
5.972895026206970215e-02
1.165049802511930466e-02
1.711087673902511597e-02
1.015336345881223679e-02
6.318458318710327148e-01
1.364332716912031174e-02
1.115478202700614929e-02
1.221451163291931152e-02
