3.115007095038890839e-02
2.249852754175662994e-02
2.039363421499729156e-02
2.768029645085334778e-02
2.512012980878353119e-02
4.544892162084579468e-02
2.304717898368835449e-02
2.257763035595417023e-02
2.777007967233657837e-02
1.729598455131053925e-02
8.263654261827468872e-02
2.119754813611507416e-02
2.254375815391540527e-01
1.962687633931636810e-02
2.225103788077831268e-02
1.680164784193038940e-02
6.279005110263824463e-02
2.519960142672061920e-02
2.375433892011642456e-01
2.353325858712196350e-02
