1.018095575273036957e-02
5.987538024783134460e-03
4.547107964754104614e-03
6.488842424005270004e-03
6.297132931649684906e-03
1.510456763207912445e-02
5.995322950184345245e-03
6.616905797272920609e-03
9.121233597397804260e-03
4.241385031491518021e-03
5.979546904563903809e-02
5.150529090315103531e-03
4.006234183907508850e-02
4.807709716260433197e-03
6.119698751717805862e-03
3.683649469166994095e-03
2.737589739263057709e-02
5.704512353986501694e-03
7.665814161300659180e-01
6.137767806649208069e-03
