2.006374415941536427e-04
1.311582891503348947e-04
1.169286988442763686e-04
2.405228151474148035e-04
2.210605453001335263e-04
6.192032014951109886e-04
1.398719468852505088e-04
1.188127644127234817e-04
1.385992072755470872e-04
7.050233398331329226e-05
2.221509581431746483e-03
1.494605530751869082e-04
9.877449870109558105e-01
9.232222510036081076e-05
1.538757205707952380e-04
9.160918125417083502e-05
6.508257938548922539e-04
1.693624508334323764e-04
6.589064374566078186e-03
1.397968590026721358e-04
