4.374544322490692139e-02
3.290425613522529602e-02
3.607622906565666199e-02
4.101915657520294189e-02
3.792487829923629761e-02
4.789202287793159485e-02
4.875629767775535583e-02
2.946503087878227234e-02
3.709216788411140442e-02
2.807428687810897827e-02
2.178032845258712769e-01
4.064434766769409180e-02
9.696708619594573975e-02
3.641719743609428406e-02
4.160604253411293030e-02
2.907008305191993713e-02
4.197660088539123535e-02
4.122408106923103333e-02
3.507992252707481384e-02
3.626159951090812683e-02
