3.509453017613850534e-05
3.071514584007672966e-05
2.870413663913495839e-05
6.586553354281932116e-05
5.547158798435702920e-05
1.330805826000869274e-04
3.490304152364842594e-05
2.053269236057531089e-05
2.063260217255447060e-05
1.517486725788330659e-05
2.738606126513332129e-04
3.887345519615337253e-05
9.989544153213500977e-01
1.979343869606964290e-05
2.860913991753477603e-05
2.177201531594619155e-05
1.101111483876593411e-04
4.720683864434249699e-05
3.133125574095174670e-05
3.375754749868065119e-05
