4.702403768897056580e-02
3.936057537794113159e-02
3.940819948911666870e-02
4.657439887523651123e-02
4.418751597404479980e-02
5.461083725094795227e-02
4.383187741041183472e-02
3.529225662350654602e-02
4.015516489744186401e-02
3.169972449541091919e-02
4.731442779302597046e-02
4.168986529111862183e-02
6.025140359997749329e-02
3.416021913290023804e-02
4.339130222797393799e-02
3.481776267290115356e-02
1.897253096103668213e-01
3.810671344399452209e-02
4.881530627608299255e-02
3.958309069275856018e-02
