6.264318246394395828e-03
4.953817930072546005e-03
4.303980618715286255e-03
8.120325393974781036e-03
7.565540727227926254e-03
1.290073618292808533e-02
6.513854488730430603e-03
4.296248313039541245e-03
4.151714965701103210e-03
3.375001484528183937e-03
2.285386063158512115e-02
6.120087113231420517e-03
8.662135601043701172e-01
3.640058916062116623e-03
4.450910724699497223e-03
3.831414273008704185e-03
5.273221526294946671e-03
6.788100581616163254e-03
1.224503759294748306e-02
6.138250697404146194e-03
