3.284036414697766304e-03
2.390046603977680206e-03
2.630149712786078453e-03
4.020969849079847336e-03
3.480333834886550903e-03
5.531544797122478485e-03
3.562224097549915314e-03
2.048732014372944832e-03
2.469152910634875298e-03
1.672058366239070892e-03
3.158590942621231079e-02
3.210832830518484116e-03
9.112212657928466797e-01
2.345893066376447678e-03
2.571276621893048286e-03
2.071023220196366310e-03
6.880885921418666840e-03
3.093884093686938286e-03
3.280386794358491898e-03
2.649390837177634239e-03
