2.808974568324629217e-05
2.222836337750777602e-05
2.096072421409189701e-05
5.583532765740528703e-05
3.717264189617708325e-05
1.070427679223939776e-04
3.806316817644983530e-05
1.651407183089759201e-05
1.608864295121748000e-05
1.096004962164442986e-05
8.279161411337554455e-04
3.635859684436582029e-05
9.985880255699157715e-01
1.628119389351923019e-05
1.899172275443561375e-05
1.532680107629857957e-05
4.277533298591151834e-05
4.372020703158341348e-05
3.074443520745262504e-05
2.693297574296593666e-05
