1.096063060685992241e-03
5.627725040540099144e-04
5.856276839040219784e-04
9.296454954892396927e-04
6.852733204141259193e-04
2.259692410007119179e-03
1.922425581142306328e-03
4.282254085410386324e-04
8.694046991877257824e-04
3.303965495433658361e-04
9.745682477951049805e-01
1.071273349225521088e-03
8.846038021147251129e-03
6.928722723387181759e-04
9.267150890082120895e-04
3.266853163950145245e-04
1.497109304182231426e-03
7.115885382518172264e-04
1.135056721977889538e-03
5.548758781515061855e-04
