1.764501212164759636e-04
1.324350014328956604e-04
8.645920024719089270e-05
1.894339075079187751e-04
1.250958594027906656e-04
4.330841766204684973e-04
9.381066047353670001e-05
9.134358697338029742e-05
1.382531481795012951e-04
5.930212500970810652e-05
8.499074028804898262e-04
1.130112359533086419e-04
9.483342000748962164e-05
7.450221892213448882e-05
1.460724743083119392e-04
8.467517181998118758e-05
9.967959523200988770e-01
1.108488650061190128e-04
6.025829134159721434e-05
1.443191868020221591e-04
