4.267098754644393921e-02
3.686438873410224915e-02
3.685436770319938660e-02
4.375218600034713745e-02
4.387984424829483032e-02
5.013566091656684875e-02
3.911493346095085144e-02
3.402700647711753845e-02
3.410628437995910645e-02
3.118715807795524597e-02
5.360462144017219543e-02
3.959115967154502869e-02
2.339417636394500732e-01
3.536178916692733765e-02
3.839914500713348389e-02
3.514863923192024231e-02
5.428879335522651672e-02
4.088712111115455627e-02
3.609676286578178406e-02
4.008735716342926025e-02
