2.858001098502427340e-04
2.968211192637681961e-04
2.601388841867446899e-04
4.618537786882370710e-04
4.614669887814670801e-04
8.530385093763470650e-04
2.435899805277585983e-04
2.105626190314069390e-04
2.104722661897540092e-04
1.398603490088135004e-04
4.725881444755941629e-04
3.777590754907578230e-04
9.906194210052490234e-01
1.704853057162836194e-04
2.836227940861135721e-04
2.396634663455188274e-04
3.356107743456959724e-03
4.171228210907429457e-04
3.610588901210576296e-04
2.784754324238747358e-04
