1.227701318384788465e-06
7.196142632892588153e-07
3.770100818201171933e-07
1.126003667195618618e-06
6.007535375829320401e-07
4.866793005930958316e-06
4.420318475695239613e-07
4.013871262031898368e-07
7.984926924109458923e-07
1.914736600383548648e-07
2.859437518054619431e-05
7.881934038778126705e-07
7.275560847119777463e-07
3.196279010353464400e-07
1.234015257978171576e-06
3.209909209545003250e-07
9.999558925628662109e-01
5.298052769830974285e-07
1.428494158517423784e-07
8.012686407710134517e-07
