2.186721190810203552e-03
1.612993888556957245e-03
1.290444401092827320e-03
2.152870642021298409e-03
2.036846242845058441e-03
4.142598249018192291e-03
1.323699834756553173e-03
1.193815376609563828e-03
1.738504157401621342e-03
9.554841089993715286e-04
2.119912765920162201e-03
1.622313517145812511e-03
7.187406066805124283e-03
1.102221780456602573e-03
2.043625107035040855e-03
1.335537992417812347e-03
9.610510468482971191e-01
1.698251930065453053e-03
1.392593025229871273e-03
1.813057810068130493e-03
