6.413857452571392059e-03
3.473677672445774078e-03
3.102375660091638565e-03
4.599797539412975311e-03
4.474221728742122650e-03
1.334551442414522171e-02
6.258574314415454865e-03
3.271792316809296608e-03
5.338823888450860977e-03
1.975157763808965683e-03
7.518566250801086426e-01
4.784314893186092377e-03
2.729110792279243469e-02
3.251139307394623756e-03
4.963964689522981644e-03
2.041758038103580475e-03
3.187277168035507202e-02
3.103933995589613914e-03
1.149881184101104736e-01
3.592523280531167984e-03
