4.468632489442825317e-02
3.249596059322357178e-02
2.824020572006702423e-02
3.685137256979942322e-02
3.354952484369277954e-02
4.997174814343452454e-02
3.618004545569419861e-02
3.334945067763328552e-02
3.962814435362815857e-02
2.755783312022686005e-02
8.937470614910125732e-02
3.039054200053215027e-02
7.064696401357650757e-02
2.834320627152919769e-02
3.266043215990066528e-02
2.513612061738967896e-02
4.529187083244323730e-02
3.204104304313659668e-02
2.517810761928558350e-01
3.182346373796463013e-02
