4.543283488601446152e-03
2.612655982375144958e-03
1.901291543617844582e-03
3.252597758546471596e-03
3.111498197540640831e-03
9.311097674071788788e-03
2.304602414369583130e-03
2.416652860119938850e-03
4.018494859337806702e-03
1.393144135363399982e-03
4.105274751782417297e-02
1.879183808341622353e-03
5.135049819946289062e-01
1.810616115108132362e-03
2.497118432074785233e-03
1.202529645524919033e-03
2.026228979229927063e-02
2.614954486489295959e-03
3.778693079948425293e-01
2.440982963889837265e-03
