5.985132884234189987e-05
1.963193608389701694e-05
1.343523035757243633e-05
2.940623016911558807e-05
1.863806937763001770e-05
2.177989954361692071e-04
5.145497925695963204e-05
1.640125083213206381e-05
4.806507422472350299e-05
6.843314167781500146e-06
9.888344407081604004e-01
2.983858939842320979e-05
1.028340891934931278e-03
1.696696563158184290e-05
3.007654777320567518e-05
4.977292519470211118e-06
1.813214912544935942e-04
1.937446177180390805e-05
9.354656562209129333e-03
1.829915163398254663e-05
