7.888487516538589261e-07
8.638660915494256187e-07
6.224508979357779026e-07
1.562074089633824769e-06
2.015347035921877250e-06
5.126554697199026123e-06
6.017245368639123626e-07
4.975335059498320334e-07
4.164650988514040364e-07
3.018847394287149655e-07
1.721179501146252733e-06
9.183493716591328848e-07
9.999725818634033203e-01
3.607031260344228940e-07
6.150571607577148825e-07
4.990270099369809031e-07
6.304927865130594000e-06
1.316733573730743956e-06
2.071767767120036297e-06
8.500368835484550800e-07
