4.651322797144530341e-06
2.816094820445869118e-06
1.608231627869827207e-06
4.491103481996105984e-06
3.058769607378053479e-06
1.640654227230697870e-05
1.699363451734825503e-06
1.605905026735854335e-06
3.328886805320507847e-06
9.277155754716659430e-07
2.957870674435980618e-05
2.827947355399373919e-06
5.842824066348839551e-06
1.446799160476075485e-06
4.367013843875611201e-06
1.635746230022050440e-06
9.999070167541503906e-01
2.634634938658564351e-06
6.899939535287558101e-07
3.372562105141696520e-06
