9.922652679961174726e-05
4.196241934550926089e-05
2.137815135938581079e-05
4.307568087824620306e-05
3.667270357254892588e-05
2.257587475469335914e-04
2.996366129082161933e-05
5.209837036090902984e-05
9.752359619596973062e-05
1.855508708104025573e-05
2.389892470091581345e-03
2.220460919488687068e-05
1.323040691204369068e-03
2.153421519324183464e-05
3.430226934142410755e-05
1.314577457378618419e-05
1.038878108374774456e-03
3.678963184938766062e-05
9.944158792495727539e-01
3.811459464486688375e-05
