5.156453698873519897e-04
5.452752811834216118e-04
3.885836631525307894e-04
7.424114155583083630e-04
9.088025544770061970e-04
1.557924551889300346e-03
4.318707797210663557e-04
3.806905006058514118e-04
3.323771816212683916e-04
2.852227771654725075e-04
4.565928247757256031e-04
5.750445998273789883e-04
9.870054721832275391e-01
3.156399470753967762e-04
4.699596320278942585e-04
3.850153007078915834e-04
2.044940367341041565e-03
6.911372183822095394e-04
1.425471389666199684e-03
5.420175148174166679e-04
