1.077681407332420349e-02
6.453108508139848709e-03
5.426017567515373230e-03
8.286709897220134735e-03
7.441631052643060684e-03
2.091767452657222748e-02
7.475549355149269104e-03
6.552480161190032959e-03
9.832010604441165924e-03
4.237673711031675339e-03
1.769043505191802979e-01
6.134674884378910065e-03
6.651421636343002319e-02
5.312864203006029129e-03
8.003062568604946136e-03
3.949509467929601669e-03
7.892207801342010498e-02
5.906558595597743988e-03
5.542600750923156738e-01
6.692892871797084808e-03
