1.475191442295908928e-03
1.335929147899150848e-03
1.116553903557360172e-03
1.767060253769159317e-03
2.139364834874868393e-03
3.891123225912451744e-03
1.069384044967591763e-03
9.674766915850341320e-04
1.026565092615783215e-03
7.210550829768180847e-04
1.277346978895366192e-03
1.430471427738666534e-03
9.576481580734252930e-01
8.414144976995885372e-04
1.325164339505136013e-03
1.014867564663290977e-03
1.544445846229791641e-02
1.760678132995963097e-03
2.326148329302668571e-03
1.421585446223616600e-03
