1.537544630991760641e-05
1.348975729342782870e-05
8.982259714684914798e-06
2.268552452733274549e-05
2.548387237766291946e-05
6.646011024713516235e-05
1.020635409076930955e-05
9.490822776569984853e-06
8.111669558275025338e-06
6.103997293394058943e-06
2.818513530655764043e-05
1.251028697879519314e-05
9.994930028915405273e-01
6.866070179967209697e-06
1.107809021050343290e-05
7.754979378660209477e-06
9.266667620977386832e-05
1.756389974616467953e-05
1.305895129917189479e-04
1.328816870227456093e-05
