4.391494765877723694e-02
3.324947506189346313e-02
3.064327128231525421e-02
3.620310500264167786e-02
3.580149635672569275e-02
4.855629801750183105e-02
2.971936017274856567e-02
3.276631608605384827e-02
4.100535064935684204e-02
2.748863212764263153e-02
5.809653922915458679e-02
3.152496740221977234e-02
6.832709163427352905e-02
3.020823560655117035e-02
3.231867775321006775e-02
2.774169482290744781e-02
1.822728216648101807e-01
3.601240366697311401e-02
1.384765803813934326e-01
3.567279502749443054e-02
