1.056583411991596222e-02
7.868820801377296448e-03
8.396679535508155823e-03
1.270398311316967010e-02
9.696498513221740723e-03
1.935925893485546112e-02
8.902353234589099884e-03
6.042093969881534576e-03
7.921164855360984802e-03
4.252984654158353806e-03
9.248565137386322021e-02
1.096637919545173645e-02
5.033069252967834473e-01
6.168162450194358826e-03
9.406592696905136108e-03
6.092795636504888535e-03
2.535799145698547363e-01
1.070548873394727707e-02
3.170970128849148750e-03
8.407448418438434601e-03
