6.323999259620904922e-03
5.058030132204294205e-03
3.731206292286515236e-03
6.428837310522794724e-03
6.481106858700513840e-03
1.192545890808105469e-02
4.318072926253080368e-03
3.399808891117572784e-03
4.938903264701366425e-03
2.836070721969008446e-03
4.048519767820835114e-03
4.613426048308610916e-03
1.783200539648532867e-02
3.198621096089482307e-03
6.180492229759693146e-03
3.993187565356492996e-03
8.893041014671325684e-01
5.596993491053581238e-03
4.300122614949941635e-03
5.491001997143030167e-03
